-0.5610  	0.08372  	0.07046  	-1.1497  	-0.7576  	-1.0847  	0.11525  	-0.5926  	0.09535  	0.47955  	0.10851  	0.12516  	0.04217  	-0.2660  	-0.7276  	1.12179  	0.31703  	0.32935  	0.53578  	0.58459  	-0.7471  	-0.3182  	-0.3122  	0.09088  	0.23780  	0.12735  	-0.4233  	0.13166  	-0.0677  	0.03072  	0.09993  	0.18533  	-0.2687  	0.03762  	0.21009  	0.20692  	0.14281  	0.10084  	-0.3883  	0.35833  	0.63698  	0.01278  	-0.0440  	0.35373  	0.04101  	-0.0355  	0.01086  	0.01639  	-0.0166  	0.07977  	0.03290  	-0.0020  	-0.0281  	0.03173  	-0.0165  	-0.0757  	-0.0231  	-0.0268  	-0.0207  	0.03114  	-0.0044  	-0.0107  	0.09712  	0.00256  	0.03295  	-0.0340  	0.05205  	0.00742  	-0.0179  	0.52231  	1.05715  	129.237  	107.608  	
-0.7025  	0.07410  	0.00648  	-1.2050  	-0.8277  	-1.1620  	0.11896  	-0.6507  	0.08569  	0.42249  	0.10034  	0.07853  	0.01466  	-0.3149  	-0.7361  	1.03108  	0.37710  	0.28235  	0.54233  	0.52347  	-0.6941  	-0.3300  	-0.2399  	0.13361  	0.20532  	0.12980  	-0.3787  	0.04899  	-0.1019  	0.02532  	0.10633  	0.17857  	-0.2795  	0.03704  	0.21561  	0.19591  	0.19192  	0.09602  	-0.4234  	0.32853  	0.65162  	0.00894  	-0.0545  	0.35119  	0.04893  	-0.0329  	0.00873  	-0.0079  	-0.0265  	0.08600  	0.02475  	-0.0032  	-0.0303  	0.02726  	-0.0193  	-0.0731  	-0.0225  	-0.0234  	-0.0173  	0.02307  	-0.0017  	-0.0101  	0.09967  	-0.0020  	0.03200  	-0.0328  	0.05403  	0.00621  	-0.0171  	0.52556  	1.05715  	129.237  	107.608  	
-0.6734  	0.07484  	0.00221  	-1.3021  	-0.8484  	-1.1281  	0.09323  	-0.6754  	0.07556  	0.37272  	0.02948  	0.02999  	-0.0069  	-0.3528  	-0.6848  	0.97780  	0.38630  	0.29178  	0.53029  	0.50865  	-0.7066  	-0.3125  	-0.1488  	0.09116  	0.20042  	0.14839  	-0.4261  	0.07072  	-0.1040  	0.02593  	0.12736  	0.17907  	-0.2992  	0.04449  	0.15529  	0.17669  	0.18413  	0.10125  	-0.3937  	0.32474  	0.67709  	0.00734  	-0.0481  	0.36874  	0.04028  	-0.0369  	0.01041  	-0.0032  	-0.0301  	0.08864  	0.02949  	-0.0018  	-0.0284  	0.02773  	-0.0221  	-0.0685  	-0.0276  	-0.0231  	-0.0182  	0.02440  	-0.0001  	-0.0075  	0.09948  	-4.9464  	0.03126  	-0.0320  	0.05558  	0.00508  	-0.0166  	0.52881  	1.05715  	129.237  	107.608  	
-0.6783  	0.09189  	0.04682  	-1.2256  	-0.7575  	-1.1566  	0.08866  	-0.6069  	0.09209  	0.39913  	0.00254  	0.10965  	0.02549  	-0.2485  	-0.6264  	0.99956  	0.37995  	0.29367  	0.54086  	0.49387  	-0.7122  	-0.2817  	-0.1719  	0.07695  	0.17690  	0.13632  	-0.4069  	0.05441  	-0.0754  	0.05088  	0.11573  	0.16909  	-0.2891  	0.04520  	0.13293  	0.16141  	0.16369  	0.10711  	-0.3838  	0.32920  	0.66692  	0.00959  	-0.0467  	0.35660  	0.03111  	-0.0428  	0.01681  	0.02071  	-0.0250  	0.08319  	0.02411  	-0.0010  	-0.0312  	0.03282  	-0.0230  	-0.0770  	-0.0213  	-0.0268  	-0.0225  	0.02610  	0.00027  	-0.0070  	0.09710  	-0.0012  	0.03073  	-0.0317  	0.05670  	0.00403  	-0.0163  	0.53206  	1.05715  	129.237  	107.608  	
-0.5238  	0.14009  	0.02076  	-0.9701  	-0.5820  	-1.0974  	0.10918  	-0.5072  	0.13359  	0.33639  	-0.0298  	0.25195  	0.09094  	-0.0747  	-0.3649  	1.00143  	0.36885  	0.24416  	0.52483  	0.53332  	-0.6239  	-0.2832  	-0.2201  	0.15172  	0.12282  	0.13663  	-0.3964  	0.03249  	-0.1371  	0.03508  	0.09646  	0.15410  	-0.2390  	0.05399  	0.24893  	0.07857  	0.17249  	0.09019  	-0.3940  	0.36313  	0.60116  	0.01295  	-0.0738  	0.33868  	0.03809  	-0.0263  	0.00917  	0.01639  	-0.0292  	0.08331  	0.02144  	-0.0060  	-0.0368  	0.03218  	-0.0329  	-0.0711  	-0.0268  	-0.0330  	-0.0223  	0.02959  	-0.0034  	-0.0060  	0.08900  	-0.0016  	0.03042  	-0.0318  	0.05741  	0.00308  	-0.0163  	0.53532  	1.05715  	129.237  	107.608  	
-0.1793  	0.25096  	0.22921  	-0.8177  	-0.5730  	-0.8724  	0.18562  	-0.4103  	0.17591  	0.32713  	-0.2188  	0.20421  	0.23522  	0.23245  	-0.0904  	0.95032  	0.37875  	0.21708  	0.50446  	0.46005  	-0.5835  	-0.2087  	-0.2152  	0.19486  	0.14642  	0.10934  	-0.3204  	-0.0626  	-0.1822  	0.05915  	0.12767  	0.18260  	-0.2120  	0.03523  	0.31216  	0.03153  	0.21902  	0.09073  	-0.3971  	0.36595  	0.59265  	0.00347  	-0.0412  	0.33607  	0.03057  	-0.0285  	0.00741  	0.04352  	-0.0102  	0.08072  	0.01224  	0.00037  	-0.0363  	0.01719  	-0.0303  	-0.0559  	-0.0356  	-0.0408  	-0.0226  	0.03606  	0.00679  	0.00368  	0.08111  	-0.0090  	0.03031  	-0.0323  	0.05769  	0.00221  	-0.0165  	0.53857  	1.05715  	129.237  	107.608  	
-0.0055  	0.25932  	0.32751  	-0.7076  	-0.5452  	-0.7092  	0.19920  	-0.3776  	0.20277  	0.29119  	-0.3061  	0.11258  	0.27900  	0.35327  	-0.0078  	0.99124  	0.35207  	0.16512  	0.49659  	0.42344  	-0.5319  	-0.1612  	-0.1818  	0.18292  	0.21419  	0.08325  	-0.2305  	-0.1717  	-0.1754  	0.08947  	0.10755  	0.18892  	-0.2097  	0.04689  	0.33918  	0.02201  	0.24354  	0.10633  	-0.3839  	0.36150  	0.56727  	0.01315  	-0.0468  	0.35865  	0.03572  	-0.0343  	-0.0099  	0.05725  	0.00628  	0.08212  	0.02485  	4.93587  	-0.0329  	0.02113  	-0.0234  	-0.0489  	-0.0413  	-0.0314  	-0.0340  	0.02821  	0.00431  	0.00229  	0.08792  	-0.0077  	0.03041  	-0.0333  	0.05754  	0.00143  	-0.0169  	0.54182  	1.05715  	129.237  	107.608  	
-0.0337  	0.25193  	0.26456  	-0.6781  	-0.5410  	-0.8185  	0.22426  	-0.4059  	0.21403  	0.28367  	-0.2869  	0.09151  	0.24047  	0.21633  	-0.1303  	1.01134  	0.32495  	0.22872  	0.51267  	0.49288  	-0.5948  	-0.2047  	-0.2910  	0.13208  	0.28820  	0.08893  	-0.2759  	-0.0419  	-0.0604  	0.10662  	0.07848  	0.17273  	-0.2212  	0.06777  	0.30108  	0.07316  	0.18205  	0.10226  	-0.3566  	0.38145  	0.56263  	0.02280  	-0.0503  	0.36555  	0.03221  	-0.0366  	-0.0062  	0.06211  	-0.0075  	0.07603  	0.02103  	0.00066  	-0.0305  	0.02989  	-0.0241  	-0.0590  	-0.0307  	-0.0356  	-0.0245  	0.02611  	-0.0003  	-0.0061  	0.08478  	-0.0027  	0.03069  	-0.0359  	0.05683  	0.00140  	-0.0185  	0.54477  	1.05715  	129.237  	107.608  	
-0.1541  	0.23227  	0.11699  	-0.5209  	-0.3967  	-0.8446  	0.16450  	-0.4721  	0.17501  	0.28340  	-0.3280  	0.18968  	0.25247  	0.16080  	-0.0773  	1.00889  	0.32665  	0.22108  	0.49741  	0.54998  	-0.6776  	-0.1856  	-0.3291  	0.12340  	0.29343  	0.09170  	-0.3026  	0.07934  	0.00102  	0.15157  	0.05444  	0.16230  	-0.2338  	0.06763  	0.28580  	0.07768  	0.10901  	0.06907  	-0.3187  	0.39288  	0.55133  	0.03085  	-0.0706  	0.34900  	0.05281  	-0.0310  	-0.0036  	0.04213  	-0.0087  	0.06589  	0.02730  	0.00178  	-0.0361  	0.02802  	-0.0249  	-0.0676  	-0.0259  	-0.0257  	-0.0224  	0.02312  	-0.0049  	-0.0131  	0.09343  	-0.0051  	0.03027  	-0.0382  	0.05553  	0.00077  	-0.0192  	0.54534  	1.05715  	129.237  	107.608  	
-0.2080  	0.21403  	0.05977  	-0.4153  	-0.3618  	-0.8001  	0.13211  	-0.4848  	0.13247  	0.24380  	-0.3809  	0.21973  	0.23794  	0.17412  	0.04583  	1.00053  	0.35390  	0.21263  	0.51345  	0.51819  	-0.6683  	-0.1469  	-0.2648  	0.13272  	0.28486  	0.09467  	-0.2983  	0.02300  	-0.0159  	0.17216  	0.04986  	0.16904  	-0.2586  	0.06868  	0.31365  	0.05057  	0.11849  	0.08003  	-0.3501  	0.37299  	0.53542  	0.01310  	-0.0631  	0.34979  	0.04377  	-0.0326  	-0.0017  	0.02750  	-0.0066  	0.06345  	0.03027  	-0.0028  	-0.0296  	0.01949  	-0.0279  	-0.0631  	-0.0346  	-0.0284  	-0.0269  	0.02969  	-0.0034  	-0.0107  	0.08833  	-0.0037  	0.03131  	-0.0405  	0.05385  	-8.3195  	-0.0197  	0.54908  	1.05715  	129.237  	107.608  	
-0.2591  	0.19752  	0.13293  	-0.6111  	-0.4552  	-0.8076  	0.14994  	-0.4759  	0.13146  	0.25096  	-0.2737  	0.15896  	0.16037  	0.02335  	-0.2210  	1.08349  	0.35857  	0.21703  	0.51259  	0.52128  	-0.6577  	-0.1953  	-0.3122  	0.15708  	0.24817  	0.09187  	-0.3338  	0.01472  	-0.0323  	0.09784  	0.04244  	0.18130  	-0.2595  	0.05884  	0.28433  	0.11491  	0.16456  	0.09719  	-0.3733  	0.37171  	0.55443  	0.01694  	-0.0608  	0.37268  	0.03837  	-0.0359  	0.00668  	0.03721  	-0.0054  	0.06856  	0.02068  	-0.0050  	-0.0366  	0.02794  	-0.0243  	-0.0620  	-0.0227  	-0.0322  	-0.0228  	0.02636  	-0.0031  	-0.0126  	0.09160  	-0.0062  	0.03244  	-0.0419  	0.05219  	-0.0008  	-0.0208  	0.56187  	1.05715  	129.237  	107.608  	
-0.3354  	0.11312  	0.13767  	-0.8530  	-0.5824  	-0.9977  	0.11111  	-0.6044  	0.09094  	0.39929  	0.00130  	0.18375  	0.07981  	-0.2293  	-0.5793  	1.19555  	0.30702  	0.27921  	0.52974  	0.57177  	-0.7168  	-0.2556  	-0.3345  	0.15919  	0.26713  	0.08903  	-0.3673  	0.04826  	-0.0917  	0.07089  	0.06094  	0.18130  	-0.2885  	0.03761  	0.26874  	0.22927  	0.18232  	0.09732  	-0.4024  	0.36329  	0.58470  	0.01228  	-0.0660  	0.34576  	0.03746  	-0.0277  	0.00901  	0.02714  	-0.0100  	0.07051  	0.03889  	0.00059  	-0.0250  	0.02446  	-0.0211  	-0.0697  	-0.0156  	-0.0265  	-0.0171  	0.03126  	-0.0127  	-0.0266  	0.10157  	-0.0064  	0.03425  	-0.0440  	0.05083  	-0.0015  	-0.0221  	0.57059  	1.05715  	129.237  	107.608  	
-0.4423  	0.09282  	0.08890  	-1.0071  	-0.6098  	-1.0105  	0.14278  	-0.6505  	0.08613  	0.47919  	0.07034  	0.12157  	0.06183  	-0.3205  	-0.7606  	1.21379  	0.31313  	0.32346  	0.53544  	0.54786  	-0.7627  	-0.2832  	-0.3688  	0.12836  	0.32580  	0.08940  	-0.3495  	0.12006  	-0.0419  	0.09023  	0.07234  	0.20200  	-0.3032  	0.04092  	0.21089  	0.28475  	0.14951  	0.09005  	-0.3619  	0.37986  	0.59990  	0.02971  	-0.0525  	0.35360  	0.04571  	-0.0318  	0.00495  	0.02100  	-0.0104  	0.07093  	0.03891  	-0.0002  	-0.0295  	0.02971  	-0.0114  	-0.0688  	-0.0230  	-0.0309  	-0.0233  	0.03246  	-0.0041  	-0.0231  	0.09913  	-0.0017  	0.03602  	-0.0446  	0.04949  	-0.0019  	-0.0232  	0.57979  	1.05715  	129.237  	107.608  	
-0.5733  	0.07246  	-0.0221  	-1.1354  	-0.7373  	-1.0369  	0.12611  	-0.6726  	0.07021  	0.38452  	0.07720  	0.10174  	0.03603  	-0.3195  	-0.6740  	1.08522  	0.36669  	0.30087  	0.52590  	0.54549  	-0.7456  	-0.3069  	-0.2895  	0.08211  	0.26911  	0.10731  	-0.4070  	0.14501  	-0.0426  	0.07017  	0.09967  	0.19716  	-0.3037  	0.05080  	0.18296  	0.24331  	0.14812  	0.09934  	-0.3776  	0.35213  	0.63345  	-0.0005  	-0.0449  	0.34326  	0.04084  	-0.0332  	0.00381  	0.00655  	-0.0275  	0.07860  	0.02960  	-0.0012  	-0.0302  	0.03283  	-0.0139  	-0.0704  	-0.0233  	-0.0258  	-0.0224  	0.02533  	-0.0004  	-0.0202  	0.09987  	0.00298  	0.03742  	-0.0454  	0.04862  	-0.0024  	-0.0238  	0.57871  	1.05715  	129.237  	107.608  	
-0.6386  	0.06841  	-0.0229  	-1.1416  	-0.7431  	-1.1176  	0.09511  	-0.7132  	0.06722  	0.35682  	0.02677  	0.04584  	0.01811  	-0.3419  	-0.6206  	0.98337  	0.40064  	0.26889  	0.53651  	0.52098  	-0.6851  	-0.2920  	-0.2043  	0.11830  	0.23364  	0.13015  	-0.3825  	0.09821  	-0.1068  	0.06899  	0.10788  	0.18379  	-0.3066  	0.05019  	0.20764  	0.19013  	0.19064  	0.10075  	-0.4079  	0.31704  	0.64287  	0.01370  	-0.0633  	0.34405  	0.04081  	-0.0326  	0.00200  	-0.0070  	-0.0338  	0.07862  	0.02715  	-0.0010  	-0.0291  	0.02810  	-0.0179  	-0.0678  	-0.0193  	-0.0194  	-0.0149  	0.01971  	-0.0073  	-0.0124  	0.10212  	-0.0018  	0.03769  	-0.0450  	0.04854  	-0.0028  	-0.0247  	0.57773  	1.05715  	129.237  	107.608  	
-0.5996  	0.09225  	0.00594  	-1.0981  	-0.6965  	-1.0630  	0.08753  	-0.6286  	0.07502  	0.35800  	-0.0017  	0.09702  	0.02389  	-0.2927  	-0.5724  	0.97796  	0.37193  	0.24851  	0.52149  	0.50626  	-0.6708  	-0.2639  	-0.1961  	0.10410  	0.21522  	0.13645  	-0.3478  	0.03369  	-0.1164  	0.06534  	0.09376  	0.17667  	-0.2847  	0.05023  	0.21548  	0.17214  	0.20632  	0.11212  	-0.4031  	0.32805  	0.62454  	0.02444  	-0.0589  	0.35617  	0.04039  	-0.0345  	0.00420  	-0.0013  	-0.0276  	0.07377  	0.01959  	-0.0036  	-0.0309  	0.02966  	-0.0162  	-0.0693  	-0.0196  	-0.0228  	-0.0208  	0.01843  	-0.0028  	-0.0116  	0.09724  	0.00095  	0.03697  	-0.0451  	0.04870  	-0.0031  	-0.0256  	0.58242  	1.05715  	129.237  	107.608  	
-0.5346  	0.13110  	0.07653  	-1.0964  	-0.7191  	-1.0291  	0.10061  	-0.5920  	0.09873  	0.41429  	0.06277  	0.14438  	0.03852  	-0.1874  	-0.6740  	1.10302  	0.33138  	0.27888  	0.52630  	0.53501  	-0.6758  	-0.2894  	-0.2235  	0.07992  	0.16145  	0.11530  	-0.4199  	0.05297  	-0.0798  	0.04458  	0.10786  	0.17154  	-0.2571  	0.04341  	0.22375  	0.19445  	0.19484  	0.09579  	-0.3913  	0.34692  	0.64047  	0.00133  	-0.0494  	0.36032  	0.03644  	-0.0311  	0.00533  	0.01722  	-0.0173  	0.07206  	0.02711  	-0.0040  	-0.0288  	0.02611  	-0.0176  	-0.0673  	-0.0279  	-0.0297  	-0.0253  	0.02273  	-0.0028  	-0.0114  	0.09769  	0.00200  	0.03425  	-0.0445  	0.04901  	-0.0031  	-0.0255  	0.57387  	1.05715  	129.237  	107.608  	
-0.6484  	0.08985  	0.03106  	-1.2058  	-0.7985  	-1.1414  	0.11495  	-0.6031  	0.06380  	0.48589  	0.13495  	0.11883  	0.04538  	-0.2121  	-0.8272  	1.05559  	0.32299  	0.30360  	0.53128  	0.58644  	-0.7422  	-0.2903  	-0.2699  	0.10140  	0.19688  	0.12438  	-0.3912  	0.08462  	-0.0829  	0.03007  	0.11434  	0.17902  	-0.2686  	0.04212  	0.19881  	0.21883  	0.17390  	0.06889  	-0.3559  	0.34257  	0.64279  	0.01835  	-0.0509  	0.34403  	0.05412  	-0.0298  	0.00997  	0.02857  	-0.0122  	0.07803  	0.02959  	-0.0095  	-0.0288  	0.02871  	-0.0199  	-0.0712  	-0.0241  	-0.0273  	-0.0252  	0.02526  	-0.0006  	-0.0066  	0.10386  	0.00039  	0.03153  	-0.0455  	0.04949  	-0.0032  	-0.0247  	0.56191  	1.05715  	129.237  	107.608  	
-0.8024  	0.05114  	-0.0321  	-1.2503  	-0.8284  	-1.2789  	0.13757  	-0.6463  	0.05959  	0.46596  	0.19043  	0.12594  	0.01015  	-0.2053  	-0.7360  	0.94635  	0.33995  	0.29152  	0.53780  	0.57158  	-0.6746  	-0.2620  	-0.1896  	0.12187  	0.17818  	0.12642  	-0.4190  	0.01959  	-0.1326  	0.06141  	0.10494  	0.17055  	-0.3060  	0.04138  	0.19782  	0.19385  	0.16880  	0.08599  	-0.4112  	0.29163  	0.62990  	0.01245  	-0.0529  	0.34634  	0.05853  	-0.0412  	0.01866  	0.02538  	-0.0154  	0.08689  	0.03829  	-0.0034  	-0.0310  	0.03552  	-0.0076  	-0.0688  	-0.0161  	-0.0160  	-0.0214  	0.02522  	-1.2401  	-0.0091  	0.09220  	-0.0043  	0.02800  	-0.0466  	0.04945  	-0.0034  	-0.0244  	0.56179  	1.05715  	129.237  	107.608  	
-0.7513  	0.07220  	-0.0722  	-1.2278  	-0.7495  	-1.2728  	0.11708  	-0.6176  	0.07986  	0.46950  	0.09031  	0.10695  	0.09008  	-0.1053  	-0.6287  	0.91212  	0.34024  	0.28814  	0.51551  	0.51944  	-0.7043  	-0.2812  	-0.1658  	0.12631  	0.14350  	0.13043  	-0.4215  	0.03843  	-0.1015  	0.05572  	0.11240  	0.15010  	-0.2713  	0.05007  	0.20139  	0.15100  	0.13168  	0.07411  	-0.4108  	0.33202  	0.63487  	0.01172  	-0.0649  	0.34068  	0.04995  	-0.0270  	0.01007  	0.02679  	-0.0293  	0.07817  	0.02134  	-0.0008  	-0.0349  	0.02878  	-0.0216  	-0.0738  	-0.0250  	-0.0253  	-0.0185  	0.02190  	0.00649  	-0.0080  	0.08380  	-0.0104  	0.02570  	-0.0482  	0.04933  	-0.0034  	-0.0245  	0.55212  	1.05715  	129.237  	107.608  	
-0.5533  	0.17254  	0.06683  	-1.1075  	-0.6995  	-1.1285  	0.13229  	-0.5246  	0.11625  	0.39529  	-0.0352  	0.13214  	0.11624  	-0.0390  	-0.4938  	0.98817  	0.36377  	0.25019  	0.51363  	0.53512  	-0.6990  	-0.2304  	-0.1590  	0.11561  	0.15117  	0.13851  	-0.4384  	0.03404  	-0.0655  	0.02838  	0.11131  	0.13256  	-0.2465  	0.05945  	0.20404  	0.12212  	0.16237  	0.09384  	-0.3766  	0.35514  	0.64063  	-0.0191  	-0.0516  	0.36126  	0.02685  	-0.0319  	0.01516  	0.02254  	-0.0276  	0.07601  	0.01217  	-0.0010  	-0.0340  	0.02381  	-0.0237  	-0.0741  	-0.0323  	-0.0308  	-0.0175  	0.02721  	0.00716  	-0.0073  	0.08788  	-0.0047  	0.02389  	-0.0487  	0.04936  	-0.0033  	-0.0241  	0.54355  	1.05715  	129.237  	107.608  	
-0.1728  	0.25302  	0.29534  	-0.7870  	-0.6190  	-0.8751  	0.15602  	-0.3307  	0.16484  	0.28731  	-0.1637  	0.18346  	0.27139  	0.10936  	-0.1712  	0.98273  	0.42984  	0.05676  	0.58314  	0.22386  	-0.4911  	-0.4465  	-0.4735  	0.12176  	0.13213  	0.20803  	-0.3162  	-0.1682  	-0.0595  	0.02452  	0.22205  	0.14929  	-0.3123  	-0.1349  	0.20210  	0.04760  	0.12860  	0.12443  	-0.4717  	0.25577  	0.67082  	0.14106  	-0.1466  	0.43251  	-0.0274  	-0.0087  	-0.0269  	0.06181  	-0.0235  	0.07848  	0.02635  	0.00681  	-0.0267  	0.04696  	-0.0128  	-0.0565  	-0.0421  	-0.0442  	-0.0219  	0.03363  	0.01334  	-0.0015  	0.07395  	-0.0054  	0.02348  	-0.0498  	0.04909  	-0.0034  	-0.0237  	0.54453  	1.05715  	129.237  	107.608  	
-0.0520  	0.27137  	0.37247  	-0.7357  	-0.5725  	-0.9285  	0.13854  	-0.3091  	0.13518  	0.32186  	-0.1053  	0.15492  	0.29315  	0.04589  	-0.2060  	0.98421  	0.46885  	-0.0869  	0.65950  	0.04067  	-0.4225  	-0.6220  	-0.7352  	0.15234  	0.21891  	0.23974  	-0.2698  	-0.2299  	-0.0002  	0.05017  	0.28975  	0.10027  	-0.4212  	-0.2614  	0.19948  	0.06665  	0.09570  	0.11973  	-0.5964  	0.19207  	0.70999  	0.25169  	-0.2546  	0.49500  	-0.0703  	0.00309  	-0.0469  	0.09128  	-0.0331  	0.06551  	0.03562  	0.00751  	-0.0227  	0.06232  	-0.0099  	-0.0554  	-0.0376  	-0.0600  	-0.0183  	0.04489  	0.00991  	-0.0150  	0.06581  	-0.0099  	0.02433  	-0.0503  	0.04862  	-0.0034  	-0.0245  	0.55252  	1.05715  	129.237  	107.608  	
-0.1016  	0.25281  	0.34922  	-0.7007  	-0.5342  	-0.9202  	0.10098  	-0.2959  	0.15239  	0.29347  	-0.0873  	0.12322  	0.28522  	0.01808  	-0.1056  	0.99457  	0.51852  	-0.1975  	0.66527  	-0.0329  	-0.3475  	-0.6308  	-0.7909  	0.23004  	0.22911  	0.25929  	-0.2165  	-0.3382  	-0.0205  	0.07874  	0.26491  	0.11742  	-0.4727  	-0.2919  	0.23434  	0.02618  	0.10059  	0.11531  	-0.6290  	0.17348  	0.69164  	0.29806  	-0.2998  	0.51116  	-0.0847  	0.00943  	-0.0562  	0.09066  	-0.0277  	0.04135  	0.04212  	0.01144  	-0.0293  	0.06207  	-0.0119  	-0.0590  	-0.0417  	-0.0529  	-0.0152  	0.05197  	0.00931  	-0.0284  	0.06114  	-0.0055  	0.02659  	-0.0504  	0.04832  	-0.0038  	-0.0252  	0.56267  	1.05715  	129.237  	107.608  	
-0.1296  	0.24498  	0.24263  	-0.5653  	-0.4464  	-0.8487  	0.09056  	-0.3763  	0.11883  	0.21308  	-0.1877  	0.21742  	0.28308  	0.00546  	-0.0658  	0.93796  	0.53848  	-0.1420  	0.64098  	0.00854  	-0.4335  	-0.6115  	-0.7151  	0.21095  	0.13797  	0.26908  	-0.2439  	-0.2304  	-0.0045  	0.08297  	0.27077  	0.09456  	-0.4203  	-0.2400  	0.19326  	0.00975  	0.05660  	0.10361  	-0.5956  	0.21153  	0.67516  	0.26841  	-0.2781  	0.49040  	-0.0701  	0.00672  	-0.0487  	0.07045  	-0.0318  	0.05074  	0.03628  	0.00807  	-0.0300  	0.05358  	-0.0155  	-0.0583  	-0.0279  	-0.0504  	-0.0193  	0.04425  	0.01241  	-0.0191  	0.06869  	0.00035  	0.02887  	-0.0481  	0.04832  	-0.0040  	-0.0253  	0.55935  	1.05715  	129.237  	107.608  	
-0.0999  	0.24687  	0.22705  	-0.6161  	-0.4827  	-0.7918  	0.16582  	-0.3548  	0.15071  	0.26433  	-0.3270  	0.15660  	0.38015  	0.28054  	-0.0037  	0.93050  	0.43847  	0.05468  	0.56850  	0.17764  	-0.6103  	-0.4008  	-0.5063  	0.15865  	0.20002  	0.19382  	-0.2858  	-0.1310  	0.02196  	0.09793  	0.21560  	0.10292  	-0.3028  	-0.1119  	0.24635  	0.02923  	0.05645  	0.08551  	-0.4770  	0.29617  	0.64651  	0.15493  	-0.1610  	0.43985  	-0.0303  	-0.0144  	-0.0232  	0.06102  	-0.0201  	0.07039  	0.02856  	0.00139  	-0.0330  	0.04272  	-0.0177  	-0.0529  	-0.0394  	-0.0501  	-0.0271  	0.04401  	0.01313  	-0.0013  	0.06735  	-0.0024  	0.03041  	-0.0460  	0.04909  	-0.0042  	-0.0246  	0.54377  	1.05715  	129.237  	107.608  	
-0.1740  	0.23946  	0.16391  	-0.7684  	-0.5226  	-0.9463  	0.20579  	-0.4702  	0.15045  	0.36020  	-0.2401  	0.03951  	0.27329  	0.30677  	-0.0834  	0.89215  	0.34748  	0.19338  	0.50180  	0.45373  	-0.6320  	-0.1770  	-0.2746  	0.16306  	0.32590  	0.07927  	-0.2373  	-0.1432  	-0.1396  	0.12894  	0.11302  	0.17085  	-0.2284  	0.06055  	0.35034  	0.05952  	0.21510  	0.08848  	-0.3848  	0.38056  	0.53950  	0.01442  	-0.0603  	0.34336  	0.03977  	-0.0340  	0.00275  	0.03678  	-0.0105  	0.07416  	0.02172  	-0.0050  	-0.0382  	0.01719  	-0.0260  	-0.0570  	-0.0375  	-0.0338  	-0.0256  	0.03203  	0.00287  	-0.0014  	0.08195  	-0.0049  	0.02996  	-0.0433  	0.04967  	-0.0040  	-0.0244  	0.54288  	1.05715  	129.237  	107.608  	
-0.6385  	0.09473  	0.05032  	-1.2525  	-0.7537  	-1.0749  	0.13134  	-0.5756  	0.11613  	0.38739  	0.03614  	0.07631  	0.05416  	-0.2328  	-0.5965  	0.96992  	0.34504  	0.28612  	0.54864  	0.52084  	-0.6479  	-0.2898  	-0.2354  	0.09608  	0.18776  	0.13631  	-0.3670  	0.01971  	-0.0764  	0.03483  	0.12534  	0.14938  	-0.2428  	0.04462  	0.17433  	0.14577  	0.16856  	0.08677  	-0.3920  	0.36017  	0.62151  	0.00157  	-0.0519  	0.34876  	0.04321  	-0.0313  	0.00430  	0.01151  	-0.0332  	0.07793  	0.02241  	-0.0019  	-0.0369  	0.02532  	-0.0246  	-0.0663  	-0.0271  	-0.0324  	-0.0236  	0.02936  	0.00493  	-0.0119  	0.09103  	-0.0003  	0.02727  	-0.0418  	0.05046  	-0.0037  	-0.0249  	0.55658  	1.05715  	129.237  	107.608  	
-0.6575  	0.09887  	0.01729  	-1.2757  	-0.7910  	-1.0765  	0.13235  	-0.6328  	0.11094  	0.39043  	0.06349  	0.04085  	0.02195  	-0.2914  	-0.7363  	1.01364  	0.35016  	0.30528  	0.52832  	0.52520  	-0.7196  	-0.2907  	-0.2206  	0.05985  	0.20861  	0.13458  	-0.4308  	0.09755  	-0.0441  	0.03372  	0.11614  	0.14648  	-0.2729  	0.04794  	0.12800  	0.20909  	0.15941  	0.09565  	-0.3664  	0.33717  	0.68164  	-0.0019  	-0.0324  	0.36484  	0.03674  	-0.0322  	0.01341  	0.00779  	-0.0253  	0.08102  	0.02552  	-0.0003  	-0.0264  	0.02744  	-0.0198  	-0.0730  	-0.0271  	-0.0203  	-0.0213  	0.02903  	0.00141  	-0.0102  	0.09496  	0.00215  	0.02330  	-0.0402  	0.05122  	-0.0029  	-0.0240  	0.55534  	1.05715  	129.237  	107.608  	
-0.7109  	0.08437  	0.01261  	-1.2985  	-0.8167  	-1.1600  	0.14936  	-0.6736  	0.10751  	0.42909  	0.08742  	0.03620  	0.01367  	-0.3370  	-0.7738  	1.00142  	0.36369  	0.29591  	0.53915  	0.53088  	-0.7446  	-0.2930  	-0.2079  	0.05160  	0.21261  	0.13133  	-0.4225  	0.08776  	-0.0574  	0.03349  	0.12482  	0.14800  	-0.2757  	0.04993  	0.12234  	0.20198  	0.17883  	0.08794  	-0.3834  	0.32072  	0.69870  	-0.0005  	-0.0214  	0.36658  	0.04463  	-0.0322  	0.01326  	0.01582  	-0.0244  	0.09040  	0.02442  	-0.0038  	-0.0297  	0.02986  	-0.0206  	-0.0681  	-0.0319  	-0.0225  	-0.0206  	0.03109  	-0.0003  	-0.0043  	0.09766  	0.00245  	0.02075  	-0.0394  	0.05188  	-0.0019  	-0.0222  	0.54879  	1.05715  	129.237  	107.608  	
-0.8515  	0.06954  	-0.0381  	-1.3880  	-0.8661  	-1.2439  	0.10568  	-0.6865  	0.08147  	0.48193  	0.11188  	0.00643  	-0.0235  	-0.3709  	-0.7912  	0.93770  	0.37160  	0.31177  	0.54799  	0.52132  	-0.7373  	-0.3164  	-0.1754  	0.00379  	0.19600  	0.14957  	-0.4474  	0.06395  	-0.0539  	0.03320  	0.13943  	0.14508  	-0.2853  	0.05249  	0.09368  	0.20021  	0.15449  	0.09571  	-0.3682  	0.31150  	0.69311  	-0.0013  	-0.0371  	0.36627  	0.04718  	-0.0296  	0.00954  	0.00957  	-0.0358  	0.08141  	0.01921  	0.00232  	-0.0317  	0.03490  	-0.0254  	-0.0732  	-0.0234  	-0.0238  	-0.0234  	0.02869  	0.00202  	-0.0090  	0.09794  	0.00119  	0.01949  	-0.0379  	0.05211  	-0.0009  	-0.0209  	0.55506  	1.05715  	129.237  	107.608  	
-0.7709  	0.08270  	-0.0089  	-1.3654  	-0.8533  	-1.2773  	0.09931  	-0.6454  	0.07528  	0.40505  	0.14372  	0.02259  	-0.0342  	-0.3194  	-0.7449  	0.95473  	0.36731  	0.28359  	0.54449  	0.46172  	-0.6723  	-0.2771  	-0.1140  	0.08713  	0.16221  	0.15548  	-0.4189  	0.01940  	-0.1167  	0.04090  	0.13887  	0.15918  	-0.2824  	0.03758  	0.14306  	0.15177  	0.20371  	0.10287  	-0.4172  	0.30597  	0.68984  	0.00751  	-0.0513  	0.36896  	0.04509  	-0.0349  	0.01283  	0.00851  	-0.0330  	0.08643  	0.01871  	-0.0033  	-0.0355  	0.03451  	-0.0230  	-0.0734  	-0.0236  	-0.0237  	-0.0254  	0.02227  	-0.0012  	-0.0072  	0.09954  	0.00152  	0.02051  	-0.0369  	0.05262  	0.00044  	-0.0196  	0.54344  	1.05715  	129.237  	107.608  	
-0.5819  	0.09091  	0.05188  	-1.1778  	-0.7642  	-1.0845  	0.09114  	-0.5817  	0.10336  	0.42016  	0.08832  	0.13065  	0.04244  	-0.2935  	-0.7301  	1.05067  	0.34799  	0.30304  	0.53161  	0.54761  	-0.7092  	-0.3081  	-0.1902  	0.07169  	0.15128  	0.14038  	-0.4378  	0.07637  	-0.0846  	0.03083  	0.11885  	0.16001  	-0.2554  	0.04298  	0.20164  	0.18210  	0.19765  	0.08339  	-0.3974  	0.33021  	0.66795  	0.00325  	-0.0467  	0.36501  	0.05068  	-0.0280  	0.00718  	0.01145  	-0.0240  	0.07798  	0.01667  	-0.0066  	-0.0277  	0.02709  	-0.0166  	-0.0711  	-0.0239  	-0.0234  	-0.0239  	0.01963  	-0.0002  	-0.0068  	0.10118  	0.00346  	0.02254  	-0.0350  	0.05334  	0.00190  	-0.0182  	0.53601  	1.05715  	129.237  	107.608  	
-0.5062  	0.10784  	0.14362  	-1.1532  	-0.7415  	-1.0755  	0.08467  	-0.5645  	0.12261  	0.50579  	0.11326  	0.20584  	0.06139  	-0.2475  	-0.7879  	1.15045  	0.32853  	0.32660  	0.54784  	0.59483  	-0.7377  	-0.3328  	-0.2821  	0.06349  	0.17190  	0.12018  	-0.4664  	0.11597  	-0.0659  	0.02706  	0.11928  	0.18090  	-0.2551  	0.03929  	0.20556  	0.19854  	0.15950  	0.08738  	-0.3853  	0.34732  	0.65225  	-0.0003  	-0.0303  	0.34548  	0.03571  	-0.0316  	0.00903  	0.02859  	-0.0130  	0.07070  	0.03456  	-0.0084  	-0.0296  	0.02554  	-0.0150  	-0.0669  	-0.0232  	-0.0321  	-0.0206  	0.02528  	0.00378  	-0.0099  	0.09570  	0.00244  	0.02553  	-0.0341  	0.05369  	0.00298  	-0.0174  	0.53435  	1.05715  	129.237  	107.608  	
-0.5537  	0.09483  	0.07658  	-1.0745  	-0.7150  	-1.0775  	0.09560  	-0.6186  	0.09968  	0.45608  	0.09131  	0.16635  	0.03154  	-0.2192  	-0.6708  	1.08539  	0.34428  	0.28225  	0.53881  	0.55839  	-0.6945  	-0.2973  	-0.2713  	0.10198  	0.19117  	0.09985  	-0.4024  	0.06936  	-0.0861  	0.04683  	0.10711  	0.18501  	-0.2815  	0.03554  	0.23001  	0.19245  	0.18221  	0.09178  	-0.4064  	0.34358  	0.63350  	0.00713  	-0.0486  	0.33802  	0.04271  	-0.0301  	0.01363  	0.01508  	-0.0184  	0.08012  	0.03324  	-0.0064  	-0.0296  	0.03178  	-0.0166  	-0.0668  	-0.0183  	-0.0235  	-0.0222  	0.03159  	0.00328  	-0.0143  	0.10293  	0.00044  	0.02905  	-0.0327  	0.05439  	0.00363  	-0.0172  	0.53068  	1.05715  	129.237  	107.608  	
-0.5622  	0.09432  	0.03600  	-1.0786  	-0.7482  	-1.0426  	0.07915  	-0.6345  	0.08370  	0.36534  	0.12768  	0.10254  	-0.0203  	-0.2101  	-0.5881  	1.04392  	0.36882  	0.23796  	0.53055  	0.47478  	-0.6035  	-0.2662  	-0.2127  	0.17762  	0.17938  	0.10423  	-0.3524  	-0.0630  	-0.1742  	0.04726  	0.09546  	0.20621  	-0.2924  	0.03164  	0.28602  	0.17939  	0.25939  	0.11340  	-0.4489  	0.31798  	0.62536  	-0.0001  	-0.0677  	0.33945  	0.04567  	-0.0319  	0.01497  	-0.0003  	-0.0210  	0.07597  	0.02616  	-0.0007  	-0.0317  	0.03322  	-0.0169  	-0.0664  	-0.0238  	-0.0215  	-0.0205  	0.02384  	-0.0010  	-0.0108  	0.09394  	-0.0058  	0.03260  	-0.0316  	0.05555  	0.00344  	-0.0174  	0.53369  	1.05715  	129.237  	107.608  	
-0.4989  	0.09803  	0.10906  	-1.1310  	-0.7575  	-1.0288  	0.08983  	-0.5953  	0.09442  	0.41444  	0.13318  	0.13645  	0.02395  	-0.2423  	-0.7271  	1.15944  	0.34833  	0.29738  	0.55608  	0.54312  	-0.6580  	-0.3159  	-0.2496  	0.11648  	0.19685  	0.10617  	-0.4194  	0.04543  	-0.1547  	0.03788  	0.10314  	0.18718  	-0.2742  	0.03794  	0.25656  	0.19063  	0.22609  	0.10613  	-0.4282  	0.32556  	0.61813  	0.01563  	-0.0525  	0.33743  	0.04663  	-0.0266  	0.01224  	0.00907  	-0.0174  	0.07472  	0.02910  	-0.0013  	-0.0278  	0.02998  	-0.0164  	-0.0699  	-0.0215  	-0.0234  	-0.0171  	0.02692  	-0.0026  	-0.0191  	0.09742  	0.00264  	0.03468  	-0.0297  	0.05687  	0.00330  	-0.0168  	0.51844  	1.05715  	129.237  	107.608  	
-0.5923  	0.09467  	0.07009  	-1.1409  	-0.7638  	-1.1050  	0.05776  	-0.5509  	0.05835  	0.42217  	0.11622  	0.13987  	0.07716  	-0.3357  	-0.6866  	1.04003  	0.44525  	0.12098  	0.63351  	0.30522  	-0.6441  	-0.5179  	-0.5218  	0.12049  	0.19411  	0.21276  	-0.3917  	-0.0181  	-0.0057  	0.01320  	0.21342  	0.13847  	-0.3917  	-0.1328  	0.12710  	0.19772  	0.08122  	0.09186  	-0.5058  	0.27378  	0.70654  	0.14246  	-0.1616  	0.42930  	-0.0167  	-0.0085  	-0.0099  	0.03177  	-0.0378  	0.06809  	0.03862  	0.00192  	-0.0276  	0.05032  	-0.0140  	-0.0739  	-0.0246  	-0.0359  	-0.0188  	0.04361  	0.00441  	-0.0219  	0.08123  	0.00265  	0.03628  	-0.0299  	0.05784  	0.00299  	-0.0164  	0.50498  	1.05715  	129.237  	107.608  	
-0.8068  	0.10284  	0.01742  	-1.2550  	-0.8049  	-1.2700  	0.03825  	-0.5598  	0.06139  	0.41600  	0.12156  	0.13840  	0.09190  	-0.4126  	-0.6383  	0.90619  	0.55905  	-0.0199  	0.66977  	0.05492  	-0.5867  	-0.7289  	-0.6355  	0.11662  	0.08384  	0.32084  	-0.3874  	-0.1086  	0.01364  	-0.0014  	0.32043  	0.08016  	-0.4538  	-0.2606  	0.05960  	0.16512  	0.00401  	0.08612  	-0.6247  	0.16708  	0.77646  	0.25389  	-0.2749  	0.48817  	-0.0604  	0.00954  	-0.0289  	0.03069  	-0.0585  	0.08460  	0.03879  	0.00593  	-0.0255  	0.07143  	-0.0044  	-0.0722  	-0.0274  	-0.0435  	-0.0101  	0.04943  	0.00099  	0.00482  	0.06692  	-0.0004  	0.03551  	-0.0310  	0.05768  	0.00239  	-0.0169  	0.51144  	1.05715  	129.237  	107.608  	
-0.7949  	0.10902  	0.03255  	-1.3523  	-0.8173  	-1.2969  	0.04268  	-0.5555  	0.02290  	0.43302  	0.13249  	0.05743  	0.10006  	-0.4263  	-0.6112  	0.81827  	0.54417  	-0.0349  	0.68243  	-0.0029  	-0.5674  	-0.7774  	-0.6787  	0.03739  	0.03088  	0.35758  	-0.4744  	-0.1156  	0.09116  	-0.0038  	0.38774  	0.04925  	-0.4664  	-0.2794  	-0.0116  	0.13789  	-0.0362  	0.07877  	-0.6232  	0.15452  	0.82448  	0.26511  	-0.2876  	0.51885  	-0.0740  	0.00639  	-0.0366  	0.04746  	-0.0699  	0.06023  	0.03890  	0.01433  	-0.0275  	0.06193  	-0.0150  	-0.0727  	-0.0318  	-0.0482  	-0.0226  	0.04469  	0.01296  	-0.0162  	0.06441  	-0.0031  	0.03376  	-0.0339  	0.05756  	0.00157  	-0.0184  	0.51969  	1.05715  	129.237  	107.608  	
-0.7066  	0.10010  	0.05871  	-1.2081  	-0.7374  	-1.2462  	0.06079  	-0.5068  	0.05197  	0.39704  	0.04734  	0.13542  	0.13050  	-0.3670  	-0.5308  	0.88657  	0.52835  	-0.0005  	0.67833  	0.04927  	-0.5932  	-0.6931  	-0.6364  	0.06244  	0.05476  	0.32521  	-0.4185  	-0.0965  	0.11024  	0.02846  	0.33285  	0.06954  	-0.4530  	-0.2514  	0.01571  	0.12571  	-0.0336  	0.08507  	-0.5955  	0.21152  	0.80346  	0.25251  	-0.2737  	0.49750  	-0.0709  	0.00355  	-0.0268  	0.05785  	-0.0512  	0.04900  	0.03212  	0.01011  	-0.0343  	0.05887  	-0.0117  	-0.0810  	-0.0303  	-0.0494  	-0.0235  	0.03974  	0.00940  	-0.0140  	0.06356  	0.00083  	0.03173  	-0.0365  	0.05688  	0.00085  	-0.0188  	0.52330  	1.05715  	129.237  	107.608  	
-0.6515  	0.14123  	-0.0251  	-1.0573  	-0.6514  	-1.2013  	0.08213  	-0.5287  	0.07314  	0.40052  	-0.0800  	0.22077  	0.17627  	-0.2491  	-0.4520  	0.90222  	0.44722  	0.17304  	0.58732  	0.30886  	-0.7811  	-0.4812  	-0.4422  	0.03680  	0.11172  	0.24564  	-0.5260  	0.10534  	0.12285  	0.03386  	0.24417  	0.06609  	-0.3478  	-0.0979  	0.03109  	0.11749  	-0.0464  	0.06549  	-0.4431  	0.29660  	0.74283  	0.12850  	-0.1583  	0.44253  	-0.0300  	-0.0128  	-0.0189  	0.05300  	-0.0451  	0.06773  	0.02591  	0.00368  	-0.0337  	0.04186  	-0.0145  	-0.0815  	-0.0260  	-0.0402  	-0.0194  	0.03053  	0.00766  	-0.0098  	0.07692  	0.00576  	0.03141  	-0.0395  	0.05580  	-0.0001  	-0.0192  	0.52756  	1.05715  	129.237  	107.608  	
-0.5554  	0.13344  	-0.0762  	-1.0148  	-0.5343  	-1.1844  	0.19319  	-0.5378  	0.12730  	0.43547  	-0.0518  	0.19829  	0.20359  	0.06288  	-0.4505  	0.93792  	0.29950  	0.33392  	0.47495  	0.62689  	-0.7636  	-0.2826  	-0.3272  	0.08243  	0.19689  	0.12946  	-0.4972  	0.15658  	-0.0074  	0.04961  	0.12761  	0.10109  	-0.1997  	0.05668  	0.24361  	0.12878  	0.03746  	0.06103  	-0.3452  	0.37593  	0.61348  	0.01449  	-0.0254  	0.33818  	0.04056  	-0.0344  	0.00457  	0.01276  	-0.0135  	0.09383  	0.03023  	-0.0119  	-0.0380  	0.02286  	-0.0130  	-0.0688  	-0.0148  	-0.0284  	-0.0277  	0.02343  	-0.0002  	0.00362  	0.09870  	0.00549  	0.03164  	-0.0421  	0.05457  	-0.0010  	-0.0203  	0.54203  	1.05715  	129.237  	107.608  	
-0.7914  	0.08585  	-0.1177  	-1.1376  	-0.6674  	-1.2779  	0.13445  	-0.5573  	0.11066  	0.45011  	0.07485  	0.17794  	0.09961  	-0.0958  	-0.5345  	0.88988  	0.34994  	0.31643  	0.50069  	0.62930  	-0.6771  	-0.2796  	-0.2994  	0.06850  	0.17270  	0.12971  	-0.4584  	0.12593  	-0.0492  	0.05900  	0.13026  	0.14107  	-0.2565  	0.06977  	0.19571  	0.14553  	0.09874  	0.07877  	-0.3350  	0.35475  	0.60868  	0.00688  	-0.0893  	0.32142  	0.05105  	-0.0321  	0.00952  	0.00644  	-0.0395  	0.08422  	0.02115  	0.00095  	-0.0341  	0.03334  	-0.0248  	-0.0744  	-0.0201  	-0.0272  	-0.0260  	0.03066  	-0.0006  	-0.0091  	0.09492  	-0.0006  	0.03263  	-0.0455  	0.05353  	-0.0018  	-0.0213  	0.55202  	1.05715  	129.237  	107.608  	
-0.8237  	0.09055  	-0.0646  	-1.3555  	-0.8032  	-1.2910  	0.12706  	-0.5871  	0.08213  	0.50138  	0.10614  	0.03482  	0.07142  	-0.2006  	-0.6414  	0.83029  	0.35743  	0.27067  	0.52509  	0.55043  	-0.6931  	-0.2536  	-0.2123  	0.06736  	0.23615  	0.13929  	-0.4066  	0.05338  	-0.0705  	0.04374  	0.12829  	0.13860  	-0.2729  	0.04645  	0.12896  	0.15733  	0.14095  	0.08266  	-0.3335  	0.33619  	0.64071  	0.00342  	-0.0748  	0.33736  	0.04852  	-0.0324  	0.01054  	0.01131  	-0.0375  	0.08718  	0.01482  	0.00074  	-0.0319  	0.03623  	-0.0260  	-0.0832  	-0.0174  	-0.0246  	-0.0264  	0.03328  	0.00024  	-0.0123  	0.09013  	0.00093  	0.03349  	-0.0468  	0.05216  	-0.0023  	-0.0221  	0.55614  	1.05715  	129.237  	107.608  	
-0.6877  	0.09805  	-0.0132  	-1.2745  	-0.8290  	-1.2095  	0.12024  	-0.6314  	0.11544  	0.46466  	0.06999  	0.04940  	0.02546  	-0.3225  	-0.7628  	0.96703  	0.36840  	0.30340  	0.55157  	0.56320  	-0.7099  	-0.2946  	-0.1798  	0.05138  	0.19436  	0.13945  	-0.4370  	0.10378  	-0.0528  	0.04969  	0.11739  	0.15204  	-0.2910  	0.05121  	0.09380  	0.19376  	0.12709  	0.08273  	-0.3687  	0.34013  	0.65715  	0.00024  	-0.0432  	0.36140  	0.03811  	-0.0352  	0.01121  	0.02723  	-0.0165  	0.08137  	0.02370  	-0.0011  	-0.0314  	0.03393  	-0.0181  	-0.0746  	-0.0233  	-0.0237  	-0.0189  	0.02569  	-0.0016  	-0.0113  	0.09610  	0.00441  	0.03418  	-0.0482  	0.05091  	-0.0028  	-0.0222  	0.54847  	1.05715  	129.237  	107.608  	
-0.6627  	0.10870  	0.01045  	-1.2248  	-0.7952  	-1.1962  	0.13027  	-0.6556  	0.10715  	0.41970  	0.05010  	0.06368  	0.01553  	-0.3506  	-0.6710  	0.96766  	0.39355  	0.29176  	0.54763  	0.51469  	-0.7016  	-0.2752  	-0.1801  	0.05411  	0.20602  	0.12283  	-0.4036  	0.05194  	-0.0579  	0.07005  	0.11454  	0.16996  	-0.2962  	0.04306  	0.11500  	0.17991  	0.15460  	0.10275  	-0.3842  	0.32448  	0.68000  	-0.0021  	-0.0476  	0.36243  	0.03330  	-0.0337  	0.01077  	0.02711  	-0.0170  	0.07667  	0.02200  	0.00547  	-0.0270  	0.03575  	-0.0227  	-0.0713  	-0.0272  	-0.0228  	-0.0207  	0.02367  	-0.0004  	-0.0115  	0.09867  	2.76781  	0.03423  	-0.0483  	0.05028  	-0.0032  	-0.0225  	0.54367  	1.05715  	129.237  	107.608  	
-0.7368  	0.07718  	-0.0343  	-1.1311  	-0.7398  	-1.1536  	0.14571  	-0.6856  	0.06717  	0.40471  	0.00951  	0.07270  	0.02616  	-0.3748  	-0.5973  	0.97043  	0.37702  	0.29194  	0.52765  	0.51705  	-0.7951  	-0.2804  	-0.2147  	0.03980  	0.25138  	0.12951  	-0.4161  	0.14443  	0.01547  	0.10273  	0.11489  	0.17530  	-0.2869  	0.06222  	0.10234  	0.19877  	0.09454  	0.09382  	-0.3590  	0.33620  	0.67210  	0.01039  	-0.0647  	0.36180  	0.03733  	-0.0312  	-0.0022  	0.02032  	-0.0216  	0.06679  	0.02077  	0.00115  	-0.0228  	0.02736  	-0.0185  	-0.0735  	-0.0202  	-0.0268  	-0.0222  	0.02088  	0.00233  	-0.0144  	0.10638  	0.00634  	0.03349  	-0.0486  	0.05000  	-0.0036  	-0.0231  	0.54682  	1.05715  	129.237  	107.608  	
-0.5945  	0.08965  	0.01587  	-0.9799  	-0.6759  	-1.1159  	0.14572  	-0.6270  	0.08321  	0.40013  	-0.0520  	0.08591  	0.07960  	-0.2799  	-0.5475  	1.04140  	0.35079  	0.24755  	0.50593  	0.57464  	-0.7665  	-0.2591  	-0.2233  	0.08445  	0.20123  	0.13024  	-0.4306  	0.09807  	-0.0199  	0.06025  	0.10302  	0.17759  	-0.2796  	0.06311  	0.15949  	0.18136  	0.10745  	0.09249  	-0.3823  	0.36835  	0.64385  	0.00012  	-0.0659  	0.36633  	0.03842  	-0.0327  	0.00679  	0.02987  	-0.0175  	0.08291  	0.02369  	-0.0027  	-0.0322  	0.02234  	-0.0205  	-0.0710  	-0.0235  	-0.0224  	-0.0226  	0.02049  	0.00353  	-0.0129  	0.09554  	0.00057  	0.03079  	-0.0480  	0.05000  	-0.0037  	-0.0227  	0.54080  	1.05715  	129.237  	107.608  	
-0.7039  	0.08560  	0.01302  	-1.1768  	-0.8041  	-1.1538  	0.12725  	-0.6445  	0.09682  	0.45410  	-0.0157  	0.11872  	0.08672  	-0.2899  	-0.6938  	0.99946  	0.36816  	0.32446  	0.51395  	0.55687  	-0.8630  	-0.2682  	-0.1749  	0.02649  	0.13527  	0.15538  	-0.5411  	0.17379  	0.04289  	0.01167  	0.14102  	0.15172  	-0.2757  	0.07489  	0.08149  	0.18207  	0.03722  	0.08712  	-0.3464  	0.34536  	0.71369  	-0.0275  	-0.0196  	0.38431  	0.03555  	-0.0338  	0.00936  	0.03116  	-0.0148  	0.07926  	0.01318  	-0.0007  	-0.0295  	0.02339  	-0.0151  	-0.0812  	-0.0341  	-0.0229  	-0.0240  	0.01539  	0.00947  	0.00171  	0.09215  	0.00360  	0.02807  	-0.0491  	0.05013  	-0.0036  	-0.0218  	0.52730  	1.05715  	129.237  	107.608  	
-0.7855  	0.05458  	-0.0554  	-1.2564  	-0.7816  	-1.2506  	0.13760  	-0.6918  	0.07335  	0.52663  	0.02585  	0.17045  	0.07928  	-0.3257  	-0.7889  	1.01441  	0.34657  	0.36341  	0.50505  	0.56322  	-0.9136  	-0.3005  	-0.1961  	-0.0005  	0.13011  	0.16292  	-0.6063  	0.25133  	0.05655  	0.02590  	0.16340  	0.13621  	-0.2872  	0.07746  	0.05876  	0.22220  	-0.0058  	0.05850  	-0.3244  	0.35503  	0.70074  	-0.0159  	-0.0101  	0.36874  	0.03632  	-0.0392  	0.00951  	0.02923  	-0.0184  	0.08093  	0.02544  	0.00415  	-0.0337  	0.02568  	-0.0115  	-0.0805  	-0.0239  	-0.0208  	-0.0181  	0.02112  	0.00558  	0.00806  	0.10158  	0.00727  	0.02459  	-0.0499  	0.05003  	-0.0040  	-0.0214  	0.52565  	1.05715  	129.237  	107.608  	
-0.8921  	0.03368  	-0.1348  	-1.3425  	-0.7703  	-1.3270  	0.15232  	-0.6810  	0.06168  	0.53729  	0.09707  	0.12960  	0.04610  	-0.3863  	-0.8509  	1.00894  	0.28477  	0.38036  	0.51627  	0.59857  	-0.8989  	-0.3066  	-0.2287  	-0.0092  	0.14467  	0.15365  	-0.5865  	0.27445  	0.05592  	0.03010  	0.15518  	0.13473  	-0.2735  	0.07433  	0.07816  	0.23277  	7.86269  	0.04266  	-0.3251  	0.34630  	0.69806  	-0.0070  	-0.0275  	0.37039  	0.04829  	-0.0394  	0.00470  	0.02716  	-0.0208  	0.07530  	0.02642  	0.00325  	-0.0346  	0.02266  	-0.0153  	-0.0720  	-0.0232  	-0.0245  	-0.0187  	0.02427  	0.00588  	0.00070  	0.09793  	0.00640  	0.02200  	-0.0514  	0.05019  	-0.0042  	-0.0213  	0.51957  	1.05715  	129.237  	107.608  	
-0.6848  	0.05991  	-0.0155  	-1.2155  	-0.8073  	-1.1844  	0.10268  	-0.6664  	0.08178  	0.40418  	0.09509  	0.07421  	-0.0081  	-0.3490  	-0.7542  	1.01816  	0.36120  	0.28499  	0.51398  	0.56340  	-0.7077  	-0.2952  	-0.1812  	0.11393  	0.15809  	0.13929  	-0.4423  	0.11056  	-0.0642  	0.04108  	0.12849  	0.16565  	-0.2850  	0.04915  	0.16126  	0.18246  	0.16081  	0.08203  	-0.4050  	0.33118  	0.65911  	0.00697  	-0.0612  	0.36946  	0.04811  	-0.0298  	0.01181  	0.00851  	-0.0214  	0.08864  	0.02292  	-0.0025  	-0.0301  	0.02885  	-0.0224  	-0.0736  	-0.0207  	-0.0198  	-0.0240  	0.01786  	-0.0024  	-0.0090  	0.09897  	-0.0023  	0.02005  	-0.0519  	0.05049  	-0.0041  	-0.0209  	0.51175  	1.05715  	129.237  	107.608  	
-0.5482  	0.08978  	0.04074  	-1.1311  	-0.7145  	-1.0921  	0.10629  	-0.6013  	0.09233  	0.40748  	0.02960  	0.13415  	0.05604  	-0.2882  	-0.7106  	1.06754  	0.34723  	0.29806  	0.52119  	0.55533  	-0.7280  	-0.3032  	-0.2231  	0.10548  	0.16705  	0.13479  	-0.4096  	0.09592  	-0.0670  	0.05038  	0.10355  	0.16403  	-0.2754  	0.04376  	0.20195  	0.19447  	0.16799  	0.07906  	-0.4060  	0.35289  	0.64035  	0.00390  	-0.0589  	0.36101  	0.04404  	-0.0309  	0.00983  	0.00842  	-0.0215  	0.07645  	0.01821  	-0.0040  	-0.0320  	0.02511  	-0.0170  	-0.0722  	-0.0214  	-0.0229  	-0.0272  	0.01195  	-0.0045  	-0.0084  	0.09893  	-0.0009  	0.02019  	-0.0530  	0.05046  	-0.0044  	-0.0206  	0.51148  	1.05715  	129.237  	107.608  	
-0.4720  	0.12029  	0.10839  	-1.0255  	-0.6469  	-1.0493  	0.14262  	-0.6089  	0.10750  	0.48391  	0.07280  	0.17996  	0.05437  	-0.2800  	-0.7346  	1.16685  	0.32567  	0.33797  	0.52455  	0.60716  	-0.7661  	-0.3118  	-0.3434  	0.06751  	0.23003  	0.11309  	-0.4261  	0.14089  	-0.0437  	0.04582  	0.09328  	0.17706  	-0.2790  	0.04478  	0.19594  	0.24123  	0.13664  	0.08799  	-0.3738  	0.36661  	0.63153  	0.00422  	-0.0473  	0.34517  	0.04649  	-0.0319  	0.01200  	0.02416  	-0.0147  	0.07777  	0.03273  	-0.0054  	-0.0301  	0.02372  	-0.0147  	-0.0702  	-0.0207  	-0.0282  	-0.0251  	0.02726  	-0.0036  	-0.0194  	0.09699  	0.00225  	0.02200  	-0.0532  	0.05028  	-0.0044  	-0.0217  	0.52018  	1.05715  	129.237  	107.608  	
-0.4743  	0.08582  	0.08089  	-1.0300  	-0.6248  	-1.0316  	0.12424  	-0.6342  	0.08147  	0.47967  	0.05421  	0.16353  	0.07019  	-0.3144  	-0.7593  	1.20176  	0.31589  	0.30919  	0.52929  	0.58084  	-0.7571  	-0.3191  	-0.4062  	0.10199  	0.29015  	0.09897  	-0.3728  	0.14515  	-0.0463  	0.07379  	0.08398  	0.19936  	-0.2990  	0.03598  	0.21086  	0.27047  	0.14098  	0.08650  	-0.3706  	0.37028  	0.60825  	0.02036  	-0.0617  	0.34197  	0.05026  	-0.0311  	0.00541  	0.01655  	-0.0129  	0.07686  	0.03575  	-0.0051  	-0.0302  	0.02866  	-0.0131  	-0.0680  	-0.0177  	-0.0303  	-0.0237  	0.03066  	-0.0053  	-0.0198  	0.09920  	0.00086  	0.02533  	-0.0527  	0.05023  	-0.0047  	-0.0227  	0.52963  	1.05715  	129.237  	107.608  	
-0.5001  	0.08537  	0.04497  	-1.0149  	-0.6752  	-1.0023  	0.11597  	-0.6204  	0.07703  	0.34387  	-0.0034  	0.10150  	0.02708  	-0.2765  	-0.5955  	1.11040  	0.38183  	0.26691  	0.52548  	0.54535  	-0.6846  	-0.3156  	-0.2998  	0.15396  	0.24713  	0.11083  	-0.3557  	0.06433  	-0.0987  	0.07730  	0.07899  	0.21146  	-0.2970  	0.03618  	0.26489  	0.21461  	0.19469  	0.09683  	-0.4210  	0.35596  	0.59795  	0.01297  	-0.0637  	0.34273  	0.04041  	-0.0285  	0.00349  	0.00974  	-0.0258  	0.08046  	0.02886  	-0.0031  	-0.0269  	0.02747  	-0.0145  	-0.0697  	-0.0188  	-0.0225  	-0.0223  	0.02557  	-0.0085  	-0.0238  	0.09732  	0.00277  	0.02848  	-0.0496  	0.05011  	-0.0046  	-0.0231  	0.52197  	1.05715  	129.237  	107.608  	
-0.3505  	0.20935  	0.17702  	-0.8800  	-0.6309  	-0.9367  	0.16814  	-0.5080  	0.15605  	0.38347  	-0.1779  	0.15652  	0.15215  	0.03187  	-0.3276  	1.02281  	0.38442  	0.25527  	0.53399  	0.52586  	-0.6335  	-0.2606  	-0.2499  	0.08802  	0.24321  	0.08645  	-0.2731  	-0.0090  	-0.1206  	0.07515  	0.09455  	0.17242  	-0.2252  	0.07055  	0.26021  	0.13306  	0.20668  	0.11116  	-0.4061  	0.35132  	0.59098  	0.01984  	-0.0524  	0.35886  	0.04187  	-0.0263  	0.00571  	0.02790  	-0.0173  	0.07520  	0.01356  	0.00126  	-0.0354  	0.03966  	-0.0206  	-0.0531  	-0.0368  	-0.0313  	-0.0220  	0.02670  	0.01140  	-0.0036  	0.09057  	-0.0041  	0.03132  	-0.0468  	0.05058  	-0.0045  	-0.0229  	0.50282  	1.05715  	129.237  	107.608  	
-0.4649  	0.18828  	0.10561  	-1.0192  	-0.6231  	-1.0249  	0.11686  	-0.5365  	0.14826  	0.33765  	-0.1069  	0.11819  	0.12346  	-0.0961  	-0.4371  	0.97459  	0.37177  	0.23994  	0.55373  	0.49718  	-0.6419  	-0.2720  	-0.2204  	0.11381  	0.23612  	0.10529  	-0.3251  	-0.0338  	-0.1281  	0.05204  	0.10230  	0.17565  	-0.2406  	0.03904  	0.24860  	0.13215  	0.20347  	0.12037  	-0.3898  	0.35817  	0.63170  	-0.0028  	-0.0503  	0.36560  	0.03647  	-0.0322  	0.00340  	0.02792  	-0.0206  	0.08567  	0.01874  	-0.0011  	-0.0354  	0.03511  	-0.0222  	-0.0660  	-0.0329  	-0.0270  	-0.0140  	0.03183  	-0.0027  	-0.0038  	0.09035  	-0.0042  	0.03236  	-0.0432  	0.05087  	-0.0041  	-0.0230  	0.50245  	1.05715  	129.237  	107.608  	
-0.6863  	0.07963  	-0.0217  	-1.2600  	-0.7769  	-1.1996  	0.13232  	-0.6335  	0.08728  	0.42306  	0.06600  	0.03259  	0.02676  	-0.2953  	-0.5924  	0.94241  	0.36648  	0.32449  	0.55430  	0.56114  	-0.6639  	-0.2865  	-0.2496  	0.11065  	0.21150  	0.10963  	-0.3831  	0.03717  	-0.0567  	0.03494  	0.09903  	0.17930  	-0.2664  	0.03869  	0.15400  	0.16177  	0.14899  	0.09965  	-0.3851  	0.35039  	0.64446  	0.01079  	-0.0684  	0.34991  	0.05204  	-0.0247  	0.00680  	0.01175  	-0.0170  	0.06969  	0.02532  	0.00239  	-0.0306  	0.03162  	-0.0237  	-0.0787  	-0.0223  	-0.0216  	-0.0168  	0.02731  	-1.6015  	-0.0166  	0.08899  	-0.0010  	0.02966  	-0.0410  	0.05142  	-0.0033  	-0.0231  	0.51392  	1.05715  	129.237  	107.608  	
-0.8645  	0.07135  	-0.1013  	-1.2304  	-0.7437  	-1.3040  	0.16900  	-0.6475  	0.08366  	0.50495  	0.10155  	0.10214  	0.05789  	-0.2787  	-0.6722  	0.91646  	0.31865  	0.33346  	0.52562  	0.58023  	-0.8101  	-0.2674  	-0.2604  	0.04919  	0.21206  	0.12047  	-0.4615  	0.14509  	0.00254  	0.05440  	0.12879  	0.13394  	-0.2653  	0.06311  	0.11725  	0.19402  	0.06637  	0.06492  	-0.3235  	0.35310  	0.64885  	0.01569  	-0.0664  	0.34388  	0.04729  	-0.0306  	-0.0021  	0.02229  	-0.0149  	0.07722  	0.02601  	-0.0026  	-0.0352  	0.02854  	-0.0256  	-0.0784  	-0.0238  	-0.0253  	-0.0179  	0.02672  	0.00547  	-0.0107  	0.09504  	-0.0037  	0.02629  	-0.0385  	0.05207  	-0.0026  	-0.0225  	0.52230  	1.05715  	129.237  	107.608  	
-0.7320  	0.10420  	-0.0962  	-1.0960  	-0.6210  	-1.2547  	0.13098  	-0.5889  	0.07636  	0.44213  	0.07205  	0.18964  	0.09579  	-0.1832  	-0.6004  	0.93356  	0.32848  	0.30933  	0.51109  	0.58363  	-0.7449  	-0.2974  	-0.2852  	0.09010  	0.20515  	0.11610  	-0.4234  	0.15241  	-0.0186  	0.07263  	0.12174  	0.13582  	-0.2556  	0.05207  	0.17401  	0.16165  	0.07700  	0.06063  	-0.3366  	0.36553  	0.59918  	0.02779  	-0.0942  	0.32356  	0.05016  	-0.0325  	0.00788  	0.01683  	-0.0216  	0.08413  	0.03748  	-0.0022  	-0.0361  	0.03102  	-0.0243  	-0.0794  	-0.0158  	-0.0307  	-0.0200  	0.02779  	5.79464  	-0.0012  	0.09447  	8.19635  	0.02392  	-0.0380  	0.05287  	-0.0019  	-0.0217  	0.51954  	1.05715  	129.237  	107.608  	
-0.4306  	0.17756  	0.09174  	-0.8159  	-0.4787  	-1.0282  	0.12164  	-0.5170  	0.15718  	0.33602  	-0.1573  	0.30860  	0.13720  	0.05700  	-0.2544  	1.01891  	0.35127  	0.28164  	0.48398  	0.58390  	-0.6783  	-0.2796  	-0.2728  	0.12609  	0.12459  	0.13516  	-0.4512  	0.12297  	-0.0990  	0.07060  	0.11670  	0.13856  	-0.2347  	0.06084  	0.25886  	0.08123  	0.11558  	0.06185  	-0.3667  	0.35466  	0.59433  	0.00736  	-0.0659  	0.34074  	0.04237  	-0.0267  	0.01708  	0.03721  	-0.0238  	0.07406  	0.02479  	-0.0071  	-0.0319  	0.02782  	-0.0335  	-0.0681  	-0.0266  	-0.0325  	-0.0240  	0.02849  	-0.0030  	-0.0074  	0.08585  	-0.0056  	0.02170  	-0.0378  	0.05322  	-0.0014  	-0.0212  	0.53461  	1.05715  	129.237  	107.608  	
-0.1565  	0.27367  	0.29206  	-0.7441  	-0.5265  	-0.8925  	0.12087  	-0.3661  	0.17526  	0.28580  	-0.2845  	0.20232  	0.32121  	0.15059  	-0.0864  	0.94399  	0.44996  	0.07091  	0.57560  	0.24047  	-0.5588  	-0.4520  	-0.5411  	0.12912  	0.13490  	0.20117  	-0.3533  	-0.0920  	-0.0291  	0.04811  	0.22436  	0.12269  	-0.2950  	-0.1069  	0.24315  	0.03045  	0.07247  	0.09141  	-0.4781  	0.27788  	0.65915  	0.14168  	-0.1533  	0.43727  	-0.0282  	-0.0113  	-0.0141  	0.05907  	-0.0264  	0.07050  	0.03747  	0.00506  	-0.0361  	0.04545  	-0.0174  	-0.0581  	-0.0355  	-0.0472  	-0.0259  	0.03802  	0.01077  	-0.0072  	0.07263  	-0.0030  	0.02109  	-0.0391  	0.05363  	-0.0010  	-0.0205  	0.53331  	1.05715  	129.237  	107.608  	
-0.1895  	0.26842  	0.27375  	-0.7339  	-0.5374  	-0.9728  	0.11376  	-0.3507  	0.13902  	0.29779  	-0.2435  	0.15498  	0.29479  	0.03466  	-0.1329  	0.87252  	0.52386  	-0.0297  	0.61993  	0.05856  	-0.5322  	-0.6611  	-0.7562  	0.10247  	0.12680  	0.28618  	-0.3629  	-0.1228  	0.10501  	0.05838  	0.31134  	0.08355  	-0.3738  	-0.2318  	0.14241  	0.03333  	-0.0133  	0.09634  	-0.5577  	0.21703  	0.72880  	0.24328  	-0.2435  	0.50595  	-0.0828  	0.00514  	-0.0344  	0.07063  	-0.0410  	0.04822  	0.03710  	0.00427  	-0.0311  	0.06163  	-0.0105  	-0.0624  	-0.0365  	-0.0537  	-0.0231  	0.04478  	0.00823  	-0.0102  	0.05866  	-0.0073  	0.02184  	-0.0407  	0.05382  	-0.0008  	-0.0201  	0.53682  	1.05715  	129.237  	107.608  	
-0.2527  	0.23868  	0.21826  	-0.7161  	-0.4943  	-1.0111  	0.09292  	-0.3526  	0.09413  	0.27056  	-0.1465  	0.17805  	0.27891  	-0.0795  	-0.1249  	0.92511  	0.53428  	-0.1445  	0.64366  	-0.0088  	-0.4763  	-0.6947  	-0.8051  	0.16952  	0.17340  	0.29500  	-0.2854  	-0.1961  	0.06049  	0.05454  	0.30297  	0.08858  	-0.4391  	-0.2761  	0.18040  	0.02816  	0.01267  	0.09235  	-0.6017  	0.22081  	0.71291  	0.28107  	-0.2903  	0.51269  	-0.0806  	0.00905  	-0.0466  	0.07792  	-0.0422  	0.05404  	0.03878  	0.00763  	-0.0342  	0.05701  	-0.0160  	-0.0664  	-0.0255  	-0.0597  	-0.0156  	0.04602  	0.01115  	-0.0169  	0.06896  	-0.0066  	0.02420  	-0.0439  	0.05342  	-0.0011  	-0.0202  	0.55136  	1.05715  	129.237  	107.608  	
-0.3915  	0.17441  	0.13460  	-0.6755  	-0.4821  	-0.9862  	0.08588  	-0.4303  	0.09010  	0.25688  	-0.1663  	0.22496  	0.25207  	-0.1327  	-0.2189  	0.92155  	0.50894  	-0.0269  	0.61739  	0.13140  	-0.5919  	-0.6726  	-0.7890  	0.10107  	0.11514  	0.30141  	-0.4371  	-0.0338  	0.12659  	0.05698  	0.28934  	0.07054  	-0.4045  	-0.2219  	0.12235  	0.08391  	-0.0782  	0.07591  	-0.5565  	0.21702  	0.73433  	0.24249  	-0.2547  	0.49292  	-0.0604  	0.00828  	-0.0312  	0.06191  	-0.0453  	0.05907  	0.04269  	0.00421  	-0.0306  	0.05202  	-0.0163  	-0.0665  	-0.0258  	-0.0521  	-0.0227  	0.04322  	0.00934  	-0.0211  	0.06328  	-0.0011  	0.02830  	-0.0458  	0.05264  	-0.0013  	-0.0209  	0.55338  	1.05715  	129.237  	107.608  	
-0.3790  	0.18088  	0.13318  	-0.6989  	-0.4461  	-0.9200  	0.10608  	-0.4580  	0.10439  	0.25706  	-0.1430  	0.18823  	0.19438  	-0.0507  	-0.2467  	1.00909  	0.42347  	0.08069  	0.56714  	0.34048  	-0.6314  	-0.4828  	-0.6018  	0.13917  	0.23286  	0.19802  	-0.3384  	0.02818  	0.04354  	0.09473  	0.18715  	0.11176  	-0.3344  	-0.0984  	0.23132  	0.12047  	0.04370  	0.08114  	-0.4764  	0.26922  	0.61234  	0.15179  	-0.1739  	0.41720  	-0.0172  	-0.0084  	-0.0178  	0.04536  	-0.0300  	0.05735  	0.04143  	0.00194  	-0.0303  	0.04517  	-0.0174  	-0.0588  	-0.0232  	-0.0420  	-0.0185  	0.04558  	0.00227  	-0.0190  	0.07587  	0.00250  	0.03274  	-0.0477  	0.05188  	-0.0021  	-0.0210  	0.55102  	1.05715  	129.237  	107.608  	
-0.3715  	0.19066  	0.07440  	-0.5980  	-0.3854  	-0.8224  	0.13838  	-0.4988  	0.11331  	0.25127  	-0.2534  	0.21793  	0.15130  	0.03372  	-0.2040  	1.05881  	0.34031  	0.20758  	0.51296  	0.56087  	-0.7164  	-0.2148  	-0.3371  	0.16042  	0.31915  	0.09432  	-0.2770  	0.10296  	-0.0293  	0.14525  	0.05941  	0.15277  	-0.2532  	0.07243  	0.29270  	0.14651  	0.11315  	0.07756  	-0.3516  	0.35819  	0.52407  	0.03452  	-0.0771  	0.34138  	0.04928  	-0.0230  	-0.0050  	0.03008  	-0.0116  	0.06739  	0.02432  	-0.0029  	-0.0339  	0.02613  	-0.0292  	-0.0630  	-0.0180  	-0.0259  	-0.0154  	0.03012  	0.00082  	-0.0196  	0.08671  	-0.0027  	0.03597  	-0.0482  	0.05118  	-0.0027  	-0.0212  	0.53468  	1.05715  	129.237  	107.608  	
-0.2341  	0.21022  	0.05293  	-0.5210  	-0.3596  	-0.7849  	0.13726  	-0.5095  	0.12477  	0.26396  	-0.3701  	0.21466  	0.17056  	0.09882  	-0.0593  	0.99266  	0.36059  	0.20171  	0.52696  	0.52430  	-0.7051  	-0.1738  	-0.3139  	0.12589  	0.32957  	0.09175  	-0.2914  	0.10350  	-0.0302  	0.17316  	0.08610  	0.17242  	-0.2490  	0.06610  	0.27744  	0.09542  	0.11746  	0.08652  	-0.3465  	0.37399  	0.53239  	0.00864  	-0.0609  	0.35071  	0.03023  	-0.0290  	0.00845  	0.03669  	-0.0102  	0.07206  	0.02692  	-0.0022  	-0.0304  	0.02282  	-0.0324  	-0.0650  	-0.0234  	-0.0307  	-0.0232  	0.03589  	-0.0056  	-0.0196  	0.09549  	-0.0081  	0.03765  	-0.0495  	0.05047  	-0.0035  	-0.0214  	0.52175  	1.05715  	129.237  	107.608  	
-0.1398  	0.22502  	0.18152  	-0.6875  	-0.4972  	-0.8454  	0.17670  	-0.4573  	0.20623  	0.31829  	-0.2691  	0.18270  	0.25441  	0.15438  	-0.1640  	1.05844  	0.34778  	0.24636  	0.52624  	0.51168  	-0.6485  	-0.2056  	-0.3268  	0.07429  	0.28491  	0.06432  	-0.3366  	-0.0211  	-0.0509  	0.12198  	0.07210  	0.16871  	-0.2133  	0.06089  	0.29917  	0.08530  	0.15885  	0.10685  	-0.3666  	0.37130  	0.57774  	0.01504  	-0.0564  	0.34309  	0.03983  	-0.0375  	0.00963  	0.03595  	-0.0023  	0.08152  	0.03208  	-0.0064  	-0.0364  	0.02860  	-0.0180  	-0.0540  	-0.0296  	-0.0274  	-0.0244  	0.03222  	0.00075  	-0.0029  	0.09379  	0.00153  	0.03558  	-0.0500  	0.04927  	-0.0038  	-0.0213  	0.52298  	1.05715  	129.237  	107.608  	
-0.2470  	0.21432  	0.13663  	-0.8139  	-0.5535  	-0.9545  	0.18804  	-0.5031  	0.17498  	0.37968  	-0.1676  	0.15911  	0.21460  	0.12557  	-0.3092  	1.03267  	0.31639  	0.27671  	0.52711  	0.56301  	-0.6597  	-0.2254  	-0.3173  	0.08360  	0.26503  	0.08924  	-0.3701  	0.01003  	-0.0795  	0.08666  	0.10577  	0.15676  	-0.2133  	0.06582  	0.27457  	0.10224  	0.18822  	0.08912  	-0.3634  	0.36611  	0.60035  	0.01446  	-0.0406  	0.33683  	0.04269  	-0.0393  	0.00665  	0.03308  	-0.0213  	0.08200  	0.02692  	-0.0098  	-0.0338  	0.02742  	-0.0260  	-0.0581  	-0.0267  	-0.0289  	-0.0240  	0.03259  	-0.0044  	-0.0073  	0.08365  	-0.0001  	0.03119  	-0.0513  	0.04864  	-0.0038  	-0.0206  	0.51226  	1.05715  	129.237  	107.608  	
-0.6018  	0.13424  	0.01789  	-1.0703  	-0.6304  	-1.1316  	0.16997  	-0.5540  	0.14652  	0.36135  	0.02544  	0.15136  	0.07751  	-0.1238  	-0.4831  	0.98884  	0.31417  	0.28992  	0.52524  	0.55818  	-0.6179  	-0.2817  	-0.2680  	0.15310  	0.16389  	0.12651  	-0.3979  	0.05780  	-0.0840  	0.02689  	0.11661  	0.14784  	-0.2196  	0.06265  	0.22201  	0.12830  	0.17707  	0.08336  	-0.3826  	0.38537  	0.58789  	0.01809  	-0.0696  	0.33017  	0.04453  	-0.0331  	0.00487  	0.02151  	-0.0235  	0.07151  	0.02326  	-0.0023  	-0.0412  	0.03067  	-0.0243  	-0.0666  	-0.0294  	-0.0317  	-0.0129  	0.03187  	0.00159  	-0.0151  	0.09277  	-0.0035  	0.02757  	-0.0518  	0.04808  	-0.0041  	-0.0203  	0.51405  	1.05715  	129.237  	107.608  	
-0.7230  	0.08194  	-0.0012  	-1.2760  	-0.7891  	-1.1825  	0.14337  	-0.6183  	0.09491  	0.43885  	0.09180  	0.04398  	0.02902  	-0.3011  	-0.6973  	0.92071  	0.34956  	0.32148  	0.53930  	0.57200  	-0.6890  	-0.2911  	-0.2221  	0.04861  	0.21570  	0.12923  	-0.4321  	0.07590  	-0.0516  	0.03391  	0.11937  	0.14962  	-0.2744  	0.05580  	0.12233  	0.17837  	0.15938  	0.08918  	-0.3500  	0.34081  	0.66284  	-0.0014  	-0.0561  	0.34387  	0.04813  	-0.0260  	0.00249  	0.01337  	-0.0321  	0.08186  	0.01955  	0.00125  	-0.0311  	0.02800  	-0.0276  	-0.0750  	-0.0248  	-0.0271  	-0.0216  	0.03177  	0.00135  	-0.0139  	0.09301  	-0.0011  	0.02434  	-0.0530  	0.04794  	-0.0042  	-0.0202  	0.51034  	1.05715  	129.237  	107.608  	
-0.7926  	0.07209  	-0.0356  	-1.2969  	-0.8230  	-1.2347  	0.13810  	-0.6537  	0.10799  	0.45607  	0.09819  	0.04772  	0.01529  	-0.3419  	-0.7544  	0.93899  	0.34497  	0.32366  	0.53153  	0.58151  	-0.7335  	-0.2876  	-0.1998  	0.02319  	0.18575  	0.13401  	-0.4690  	0.11516  	-0.0229  	0.03731  	0.12618  	0.14796  	-0.2746  	0.06309  	0.09493  	0.18418  	0.12618  	0.08825  	-0.3520  	0.33740  	0.67418  	0.00903  	-0.0397  	0.35288  	0.04583  	-0.0291  	0.00801  	0.01898  	-0.0244  	0.07931  	0.01641  	-0.0001  	-0.0322  	0.03328  	-0.0236  	-0.0728  	-0.0259  	-0.0270  	-0.0220  	0.02637  	0.00335  	-0.0116  	0.09317  	0.00156  	0.02137  	-0.0525  	0.04822  	-0.0041  	-0.0198  	0.50610  	1.05715  	129.237  	107.608  	
-0.9028  	0.07309  	-0.0523  	-1.4084  	-0.8163  	-1.3397  	0.14565  	-0.6667  	0.07268  	0.52625  	0.14510  	0.06374  	0.03691  	-0.3220  	-0.7993  	0.92518  	0.31681  	0.32602  	0.53588  	0.56005  	-0.7762  	-0.2833  	-0.1835  	0.03594  	0.14658  	0.14590  	-0.4706  	0.10193  	-0.0283  	0.02622  	0.14487  	0.12820  	-0.2649  	0.05885  	0.09872  	0.17429  	0.10844  	0.07459  	-0.3493  	0.32941  	0.68851  	0.01365  	-0.0492  	0.36110  	0.04865  	-0.0323  	0.00671  	0.01824  	-0.0282  	0.08710  	0.01456  	-0.0034  	-0.0323  	0.02655  	-0.0273  	-0.0767  	-0.0277  	-0.0275  	-0.0210  	0.02663  	0.00784  	-0.0053  	0.09338  	-0.0020  	0.02030  	-0.0527  	0.04852  	-0.0042  	-0.0196  	0.50659  	1.05715  	129.237  	107.608  	
-0.9343  	0.06671  	-0.0560  	-1.3588  	-0.7584  	-1.3520  	0.14747  	-0.6551  	0.08952  	0.51937  	0.11670  	0.10723  	0.06446  	-0.2670  	-0.7645  	0.94589  	0.31316  	0.31755  	0.52691  	0.55721  	-0.8034  	-0.2592  	-0.1930  	0.05906  	0.11604  	0.15225  	-0.4887  	0.10205  	-0.0360  	0.03413  	0.15146  	0.11954  	-0.2494  	0.06441  	0.09878  	0.18612  	0.07292  	0.06342  	-0.3325  	0.33462  	0.69482  	0.01670  	-0.0515  	0.34451  	0.04534  	-0.0330  	0.00588  	0.01927  	-0.0297  	0.08365  	0.01654  	-0.0027  	-0.0303  	0.02808  	-0.0267  	-0.0817  	-0.0265  	-0.0289  	-0.0182  	0.02959  	0.00549  	-0.0032  	0.09653  	-0.0015  	0.02127  	-0.0522  	0.04889  	-0.0043  	-0.0206  	0.51590  	1.05715  	129.237  	107.608  	
-0.7850  	0.10115  	-0.0733  	-1.2667  	-0.7091  	-1.2902  	0.11815  	-0.5506  	0.13442  	0.49038  	0.08596  	0.19339  	0.09272  	-0.1638  	-0.6811  	0.93252  	0.35032  	0.30110  	0.55905  	0.53911  	-0.7113  	-0.2768  	-0.1566  	0.10259  	0.10729  	0.14344  	-0.4847  	0.10016  	-0.0647  	0.03617  	0.14329  	0.12149  	-0.2637  	0.05717  	0.11948  	0.12406  	0.08180  	0.07364  	-0.3260  	0.36225  	0.66420  	0.00416  	-0.0498  	0.33905  	0.03070  	-0.0315  	0.00405  	0.02502  	-0.0278  	0.08249  	0.02574  	-0.0016  	-0.0365  	0.03219  	-0.0276  	-0.0824  	-0.0276  	-0.0340  	-0.0238  	0.03284  	-0.0013  	-0.0025  	0.09375  	-0.0010  	0.02401  	-0.0512  	0.04955  	-0.0047  	-0.0216  	0.52738  	1.05715  	129.237  	107.608  	
-0.6268  	0.17597  	0.01330  	-1.0471  	-0.6650  	-1.1851  	0.05864  	-0.4148  	0.13377  	0.39685  	0.04425  	0.27010  	0.14539  	-0.1008  	-0.4520  	0.88761  	0.45636  	0.12604  	0.62972  	0.31294  	-0.5785  	-0.5032  	-0.4486  	0.08522  	0.06388  	0.22852  	-0.5092  	0.06654  	0.04789  	0.03638  	0.26700  	0.07554  	-0.3638  	-0.1031  	0.07268  	0.08698  	-0.0194  	0.06091  	-0.4546  	0.27325  	0.72324  	0.11054  	-0.1571  	0.41027  	-0.0237  	-0.0087  	-0.0170  	0.04500  	-0.0320  	0.06843  	0.04131  	0.00218  	-0.0369  	0.04705  	-0.0255  	-0.0827  	-0.0281  	-0.0449  	-0.0277  	0.04416  	0.00141  	-0.0055  	0.07596  	-0.0006  	0.02730  	-0.0478  	0.05003  	-0.0047  	-0.0221  	0.52237  	1.05715  	129.237  	107.608  	
-0.5191  	0.19419  	0.13581  	-0.8172  	-0.5572  	-1.1263  	0.05574  	-0.3641  	0.12900  	0.28631  	-0.0359  	0.35315  	0.19159  	-0.0375  	-0.2844  	0.89928  	0.53142  	0.01062  	0.67109  	0.14862  	-0.5273  	-0.7236  	-0.7126  	0.06305  	0.01198  	0.31844  	-0.5090  	0.03812  	0.12414  	0.02793  	0.32768  	0.01944  	-0.4139  	-0.2404  	0.07710  	0.05115  	-0.0777  	0.06728  	-0.5497  	0.17786  	0.77425  	0.23249  	-0.2550  	0.47968  	-0.0587  	0.01578  	-0.0300  	0.07105  	-0.0491  	0.05365  	0.04128  	0.00404  	-0.0369  	0.06011  	-0.0184  	-0.0584  	-0.0318  	-0.0609  	-0.0222  	0.04811  	0.00606  	-0.0118  	0.05444  	-0.0047  	0.03057  	-0.0451  	0.05082  	-0.0048  	-0.0222  	0.50564  	1.05715  	129.237  	107.608  	
-0.4542  	0.23339  	0.18972  	-0.7274  	-0.5029  	-1.0417  	0.06706  	-0.3890  	0.09856  	0.26249  	-0.1816  	0.35114  	0.22904  	-0.0345  	-0.1383  	0.86519  	0.54094  	-0.0263  	0.66186  	0.04008  	-0.5490  	-0.7077  	-0.7665  	0.06682  	-0.0028  	0.34413  	-0.5322  	-0.0216  	0.14779  	0.03707  	0.32276  	0.01886  	-0.4266  	-0.2678  	0.05313  	0.04766  	-0.1142  	0.08269  	-0.5413  	0.18342  	0.80228  	0.25027  	-0.2832  	0.50507  	-0.0880  	0.01494  	-0.0350  	0.08232  	-0.0450  	0.03753  	0.03646  	0.00540  	-0.0322  	0.05933  	-0.0156  	-0.0705  	-0.0334  	-0.0574  	-0.0225  	0.04873  	0.01009  	-0.0171  	0.05421  	-0.0027  	0.03255  	-0.0419  	0.05112  	-0.0045  	-0.0226  	0.50386  	1.05715  	129.237  	107.608  	
-0.3117  	0.26181  	0.21184  	-0.6769  	-0.4975  	-0.9354  	0.06685  	-0.3837  	0.13511  	0.21156  	-0.2278  	0.31069  	0.26290  	0.00381  	-0.0494  	0.86962  	0.54113  	-0.0520  	0.64313  	0.06404  	-0.5332  	-0.6647  	-0.7141  	0.11650  	0.03843  	0.30700  	-0.4140  	-0.1100  	0.04234  	0.04245  	0.32533  	0.07397  	-0.3843  	-0.2449  	0.11144  	0.00046  	-0.0327  	0.09830  	-0.5490  	0.19627  	0.75644  	0.22371  	-0.2523  	0.48989  	-0.0720  	0.00232  	-0.0344  	0.07527  	-0.0340  	0.04666  	0.03165  	0.00801  	-0.0329  	0.05371  	-0.0206  	-0.0665  	-0.0310  	-0.0562  	-0.0194  	0.04023  	0.01130  	-0.0104  	0.05878  	0.00115  	0.03210  	-0.0405  	0.05144  	-0.0040  	-0.0226  	0.50690  	1.05715  	129.237  	107.608  	
-0.0895  	0.27925  	0.33353  	-0.7153  	-0.5574  	-0.8528  	0.12467  	-0.3343  	0.18504  	0.25553  	-0.1370  	0.19785  	0.25470  	0.14407  	-0.0203  	1.00151  	0.44825  	0.03279  	0.58322  	0.23224  	-0.4009  	-0.4503  	-0.5096  	0.14687  	0.10723  	0.19932  	-0.3105  	-0.2289  	-0.1088  	0.04497  	0.21708  	0.14243  	-0.3067  	-0.1159  	0.26613  	0.01096  	0.17450  	0.13594  	-0.5199  	0.23129  	0.66088  	0.14151  	-0.1758  	0.41480  	-0.0253  	-0.0064  	-0.0155  	0.05600  	-0.0287  	0.06594  	0.02153  	0.00689  	-0.0281  	0.04448  	-0.0207  	-0.0542  	-0.0372  	-0.0404  	-0.0253  	0.03774  	0.01155  	-0.0019  	0.07558  	-0.0028  	0.03049  	-0.0396  	0.05172  	-0.0034  	-0.0223  	0.51203  	1.05715  	129.237  	107.608  	
-0.0288  	0.28858  	0.34247  	-0.7739  	-0.6196  	-0.7899  	0.17136  	-0.3458  	0.21063  	0.26837  	-0.0694  	0.14378  	0.17138  	0.19714  	-0.1075  	1.10866  	0.34188  	0.15009  	0.52521  	0.44347  	-0.3974  	-0.2023  	-0.1893  	0.19161  	0.19121  	0.08632  	-0.2415  	-0.2436  	-0.2742  	0.03702  	0.08663  	0.21271  	-0.2227  	0.04157  	0.36530  	0.02158  	0.34834  	0.16669  	-0.4348  	0.29060  	0.56107  	0.00515  	-0.0449  	0.35319  	0.03434  	-0.0285  	0.00301  	0.04478  	-0.0093  	0.08000  	0.00675  	0.00024  	-0.0263  	0.03186  	-0.0226  	-0.0513  	-0.0361  	-0.0321  	-0.0303  	0.03300  	0.00672  	-0.0017  	0.09218  	-0.0022  	0.02772  	-0.0391  	0.05195  	-0.0025  	-0.0217  	0.51927  	1.05715  	129.237  	107.608  	
-0.0350  	0.29779  	0.37028  	-0.8060  	-0.7026  	-0.7562  	0.16155  	-0.2993  	0.23497  	0.21322  	0.04313  	0.16083  	0.16378  	0.20141  	-0.1435  	1.15576  	0.36766  	0.14039  	0.53135  	0.40849  	-0.2828  	-0.2183  	-0.1496  	0.25048  	0.16294  	0.07759  	-0.1949  	-0.3188  	-0.3858  	0.02762  	0.09160  	0.23437  	-0.2135  	0.04284  	0.40111  	-0.0269  	0.41322  	0.18850  	-0.4627  	0.26796  	0.54705  	0.00646  	-0.0517  	0.34114  	0.03201  	-0.0274  	0.00080  	0.04082  	-0.0115  	0.08001  	0.00373  	0.00101  	-0.0257  	0.03739  	-0.0269  	-0.0527  	-0.0421  	-0.0300  	-0.0334  	0.03403  	0.00786  	-0.0028  	0.09540  	-0.0023  	0.02380  	-0.0389  	0.05213  	-0.0016  	-0.0209  	0.52860  	1.05715  	129.237  	107.608  	
-0.0363  	0.29280  	0.38791  	-0.8014  	-0.6969  	-0.7305  	0.17607  	-0.3036  	0.23211  	0.21418  	0.02665  	0.15819  	0.17981  	0.22771  	-0.1467  	1.15380  	0.37606  	0.13103  	0.52844  	0.38960  	-0.2919  	-0.2232  	-0.1516  	0.26088  	0.16637  	0.07148  	-0.1767  	-0.3153  	-0.3824  	0.02857  	0.08771  	0.23375  	-0.2216  	0.04405  	0.40883  	-0.0249  	0.41413  	0.18185  	-0.4701  	0.27095  	0.55038  	0.01166  	-0.0627  	0.33968  	0.03202  	-0.0263  	0.00036  	0.04167  	-0.0111  	0.08303  	0.00695  	0.00294  	-0.0258  	0.03858  	-0.0275  	-0.0532  	-0.0446  	-0.0293  	-0.0320  	0.03388  	0.00999  	-0.0021  	0.09889  	-0.0036  	0.01873  	-0.0392  	0.05227  	-0.0004  	-0.0198  	0.54004  	1.05715  	129.237  	107.608  	
-0.0438  	0.29520  	0.34909  	-0.8390  	-0.7040  	-0.7829  	0.16045  	-0.3089  	0.26014  	0.20472  	0.07176  	0.18292  	0.16335  	0.18558  	-0.1682  	1.14910  	0.37772  	0.14005  	0.50850  	0.40504  	-0.3161  	-0.2323  	-0.1220  	0.24070  	0.11059  	0.09315  	-0.2222  	-0.2802  	-0.4062  	0.02455  	0.10050  	0.22190  	-0.2033  	0.04109  	0.41133  	-0.0452  	0.41994  	0.19369  	-0.4756  	0.25871  	0.55465  	0.00791  	-0.0535  	0.33857  	0.02901  	-0.0279  	0.00423  	0.02728  	-0.0150  	0.08140  	0.00578  	0.00441  	-0.0267  	0.03726  	-0.0254  	-0.0532  	-0.0420  	-0.0293  	-0.0294  	0.03349  	0.00773  	0.00097  	0.09175  	-0.0015  	0.01250  	-0.0399  	0.05236  	0.00088  	-0.0185  	0.55358  	1.05715  	129.237  	107.608  	
