-0.5610  	0.08372  	0.07046  	-1.1497  	-0.7576  	-1.0847  	0.11525  	-0.5926  	0.09535  	0.47955  	0.10851  	0.12516  	0.04217  	-0.2660  	-0.7276  	1.12179  	0.31703  	0.32935  	0.53578  	0.58459  	-0.7471  	-0.3182  	-0.3122  	0.09088  	0.23780  	0.12735  	-0.4233  	0.13166  	-0.0677  	0.03072  	0.09993  	0.18533  	-0.2687  	0.03762  	0.21009  	0.20692  	0.14281  	0.10084  	-0.3883  	0.35833  	0.63698  	0.01278  	-0.0440  	0.35373  	0.04101  	-0.0355  	0.01086  	0.01639  	-0.0166  	0.07977  	0.03290  	-0.0020  	-0.0281  	0.03173  	-0.0165  	-0.0757  	-0.0231  	-0.0268  	-0.0207  	0.03114  	-0.0044  	-0.0107  	0.09712  	0.00256  	0.03101  	-0.0378  	0.05450  	0.00706  	-0.0170  	0.54943  	
-0.7025  	0.07410  	0.00648  	-1.2050  	-0.8277  	-1.1620  	0.11896  	-0.6507  	0.08569  	0.42249  	0.10033  	0.07853  	0.01466  	-0.3149  	-0.7361  	1.03108  	0.37710  	0.28235  	0.54233  	0.52347  	-0.6941  	-0.3300  	-0.2399  	0.13361  	0.20532  	0.12980  	-0.3787  	0.04899  	-0.1019  	0.02532  	0.10633  	0.17857  	-0.2795  	0.03704  	0.21561  	0.19591  	0.19192  	0.09602  	-0.4234  	0.32853  	0.65162  	0.00894  	-0.0545  	0.35119  	0.04893  	-0.0329  	0.00873  	-0.0079  	-0.0265  	0.08600  	0.02475  	-0.0032  	-0.0303  	0.02726  	-0.0193  	-0.0731  	-0.0225  	-0.0234  	-0.0173  	0.02307  	-0.0017  	-0.0101  	0.09967  	-0.0020  	0.03280  	-0.0352  	0.05605  	0.00604  	-0.0170  	0.55645  	
-0.6734  	0.07484  	0.00221  	-1.3021  	-0.8484  	-1.1281  	0.09323  	-0.6754  	0.07556  	0.37272  	0.02948  	0.02999  	-0.0069  	-0.3528  	-0.6848  	0.97780  	0.38630  	0.29178  	0.53029  	0.50865  	-0.7066  	-0.3125  	-0.1488  	0.09116  	0.20042  	0.14839  	-0.4261  	0.07072  	-0.1040  	0.02593  	0.12736  	0.17907  	-0.2992  	0.04449  	0.15529  	0.17669  	0.18413  	0.10125  	-0.3937  	0.32474  	0.67709  	0.00734  	-0.0481  	0.36874  	0.04028  	-0.0369  	0.01041  	-0.0032  	-0.0301  	0.08864  	0.02949  	-0.0018  	-0.0284  	0.02773  	-0.0221  	-0.0685  	-0.0276  	-0.0231  	-0.0182  	0.02440  	-0.0001  	-0.0075  	0.09948  	-4.9471  	0.03463  	-0.0333  	0.05708  	0.00515  	-0.0171  	0.56219  	
-0.6783  	0.09189  	0.04682  	-1.2256  	-0.7575  	-1.1566  	0.08866  	-0.6069  	0.09209  	0.39913  	0.00254  	0.10965  	0.02549  	-0.2485  	-0.6264  	0.99956  	0.37995  	0.29367  	0.54086  	0.49387  	-0.7122  	-0.2817  	-0.1719  	0.07695  	0.17690  	0.13632  	-0.4069  	0.05441  	-0.0754  	0.05088  	0.11573  	0.16909  	-0.2891  	0.04520  	0.13293  	0.16141  	0.16369  	0.10711  	-0.3838  	0.32920  	0.66692  	0.00959  	-0.0467  	0.35660  	0.03111  	-0.0428  	0.01681  	0.02071  	-0.0250  	0.08319  	0.02411  	-0.0010  	-0.0312  	0.03282  	-0.0230  	-0.0770  	-0.0213  	-0.0268  	-0.0225  	0.02610  	0.00027  	-0.0070  	0.09710  	-0.0012  	0.03653  	-0.0321  	0.05759  	0.00438  	-0.0175  	0.56665  	
-0.5238  	0.14009  	0.02076  	-0.9701  	-0.5820  	-1.0974  	0.10918  	-0.5072  	0.13359  	0.33639  	-0.0298  	0.25195  	0.09094  	-0.0747  	-0.3649  	1.00143  	0.36885  	0.24416  	0.52483  	0.53332  	-0.6239  	-0.2832  	-0.2201  	0.15172  	0.12282  	0.13663  	-0.3964  	0.03249  	-0.1371  	0.03508  	0.09646  	0.15410  	-0.2390  	0.05399  	0.24893  	0.07857  	0.17249  	0.09019  	-0.3940  	0.36313  	0.60116  	0.01295  	-0.0738  	0.33868  	0.03809  	-0.0263  	0.00917  	0.01639  	-0.0292  	0.08331  	0.02144  	-0.0060  	-0.0368  	0.03218  	-0.0329  	-0.0711  	-0.0268  	-0.0330  	-0.0223  	0.02959  	-0.0034  	-0.0060  	0.08900  	-0.0016  	0.03847  	-0.0315  	0.05758  	0.00373  	-0.0181  	0.56984  	
-0.1793  	0.25096  	0.22921  	-0.8177  	-0.5730  	-0.8723  	0.18562  	-0.4103  	0.17591  	0.32713  	-0.2188  	0.20421  	0.23522  	0.23245  	-0.0904  	0.95032  	0.37875  	0.21708  	0.50446  	0.46005  	-0.5835  	-0.2087  	-0.2152  	0.19486  	0.14642  	0.10934  	-0.3204  	-0.0626  	-0.1822  	0.05915  	0.12767  	0.18260  	-0.2120  	0.03523  	0.31216  	0.03153  	0.21902  	0.09073  	-0.3971  	0.36595  	0.59265  	0.00347  	-0.0412  	0.33607  	0.03057  	-0.0285  	0.00741  	0.04352  	-0.0102  	0.08072  	0.01224  	0.00037  	-0.0363  	0.01719  	-0.0303  	-0.0559  	-0.0356  	-0.0408  	-0.0226  	0.03606  	0.00679  	0.00368  	0.08111  	-0.0090  	0.04047  	-0.0317  	0.05704  	0.00321  	-0.0188  	0.57176  	
-0.0055  	0.25933  	0.32751  	-0.7076  	-0.5452  	-0.7092  	0.19920  	-0.3776  	0.20277  	0.29119  	-0.3061  	0.11258  	0.27900  	0.35327  	-0.0078  	0.99124  	0.35207  	0.16512  	0.49659  	0.42344  	-0.5319  	-0.1612  	-0.1818  	0.18292  	0.21419  	0.08325  	-0.2305  	-0.1717  	-0.1754  	0.08947  	0.10755  	0.18892  	-0.2097  	0.04689  	0.33918  	0.02201  	0.24354  	0.10633  	-0.3839  	0.36150  	0.56727  	0.01315  	-0.0468  	0.35865  	0.03572  	-0.0343  	-0.0099  	0.05725  	0.00628  	0.08212  	0.02485  	4.95751  	-0.033  	0.02113  	-0.0234  	-0.0489  	-0.0413  	-0.0314  	-0.0340  	0.02821  	0.00431  	0.00229  	0.08792  	-0.0077  	0.04251  	-0.0325  	0.05598  	0.00281  	-0.0198  	0.57240  	
-0.0337  	0.25193  	0.26456  	-0.6781  	-0.5410  	-0.8185  	0.22426  	-0.4059  	0.21403  	0.28367  	-0.2869  	0.09151  	0.24047  	0.21633  	-0.1303  	1.01134  	0.32495  	0.22872  	0.51267  	0.49288  	-0.5948  	-0.2047  	-0.2910  	0.13208  	0.28820  	0.08893  	-0.2759  	-0.0419  	-0.0604  	0.10662  	0.07848  	0.17273  	-0.2212  	0.06777  	0.30108  	0.07316  	0.18205  	0.10226  	-0.3566  	0.38145  	0.56263  	0.02280  	-0.0503  	0.36555  	0.03221  	-0.0366  	-0.0062  	0.06211  	-0.0075  	0.07603  	0.02103  	0.00066  	-0.0305  	0.02989  	-0.0241  	-0.0590  	-0.0307  	-0.0356  	-0.0245  	0.02611  	-0.0003  	-0.0061  	0.08478  	-0.0027  	0.04539  	-0.0350  	0.05352  	0.00341  	-0.0222  	0.56403  	
-0.1541  	0.23228  	0.11699  	-0.5209  	-0.3967  	-0.8446  	0.16450  	-0.4721  	0.17501  	0.28340  	-0.3280  	0.18968  	0.25246  	0.16080  	-0.0773  	1.00889  	0.32665  	0.22108  	0.49741  	0.54998  	-0.6776  	-0.1856  	-0.3291  	0.12340  	0.29343  	0.09170  	-0.3026  	0.07934  	0.00102  	0.15157  	0.05444  	0.16230  	-0.2338  	0.06763  	0.28580  	0.07768  	0.10901  	0.06907  	-0.3187  	0.39288  	0.55133  	0.03085  	-0.0706  	0.34900  	0.05281  	-0.0310  	-0.0036  	0.04213  	-0.0087  	0.06589  	0.02730  	0.00178  	-0.0361  	0.02802  	-0.0249  	-0.0676  	-0.0259  	-0.0257  	-0.0224  	0.02312  	-0.0049  	-0.0131  	0.09343  	-0.0051  	0.04688  	-0.0377  	0.05095  	0.00337  	-0.0236  	0.55673  	
-0.2080  	0.21403  	0.05977  	-0.4153  	-0.3618  	-0.8001  	0.13211  	-0.4848  	0.13247  	0.24380  	-0.3809  	0.21973  	0.23794  	0.17412  	0.04583  	1.00053  	0.35390  	0.21263  	0.51345  	0.51819  	-0.6683  	-0.1469  	-0.2648  	0.13272  	0.28486  	0.09467  	-0.2983  	0.02301  	-0.0159  	0.17216  	0.04986  	0.16904  	-0.2586  	0.06868  	0.31365  	0.05057  	0.11849  	0.08003  	-0.3501  	0.37299  	0.53542  	0.01310  	-0.0631  	0.34979  	0.04377  	-0.0326  	-0.0017  	0.02750  	-0.0066  	0.06345  	0.03027  	-0.0028  	-0.0296  	0.01949  	-0.0279  	-0.0631  	-0.0346  	-0.0284  	-0.0269  	0.02969  	-0.0034  	-0.0107  	0.08833  	-0.0037  	0.04885  	-0.0408  	0.04816  	0.00310  	-0.0246  	0.55563  	
-0.2591  	0.19752  	0.13293  	-0.6111  	-0.4552  	-0.8076  	0.14994  	-0.4759  	0.13146  	0.25096  	-0.2737  	0.15896  	0.16037  	0.02335  	-0.2210  	1.08349  	0.35857  	0.21703  	0.51259  	0.52128  	-0.6577  	-0.1953  	-0.3122  	0.15708  	0.24817  	0.09187  	-0.3338  	0.01472  	-0.0323  	0.09784  	0.04244  	0.18130  	-0.2595  	0.05884  	0.28434  	0.11491  	0.16456  	0.09719  	-0.3733  	0.37171  	0.55443  	0.01694  	-0.0608  	0.37268  	0.03837  	-0.0359  	0.00668  	0.03721  	-0.0054  	0.06856  	0.02068  	-0.0050  	-0.0366  	0.02794  	-0.0243  	-0.0620  	-0.0227  	-0.0322  	-0.0228  	0.02636  	-0.0031  	-0.0126  	0.09160  	-0.0062  	0.05048  	-0.0427  	0.04561  	0.00263  	-0.0261  	0.56802  	
-0.3354  	0.11312  	0.13767  	-0.8530  	-0.5824  	-0.9977  	0.11111  	-0.6044  	0.09094  	0.39929  	0.00130  	0.18375  	0.07981  	-0.2293  	-0.5793  	1.19555  	0.30702  	0.27921  	0.52974  	0.57177  	-0.7168  	-0.2556  	-0.3345  	0.15919  	0.26713  	0.08903  	-0.3673  	0.04827  	-0.0917  	0.07089  	0.06094  	0.18130  	-0.2885  	0.03761  	0.26874  	0.22927  	0.18232  	0.09732  	-0.4024  	0.36329  	0.58470  	0.01228  	-0.0660  	0.34576  	0.03746  	-0.0277  	0.00901  	0.02714  	-0.0100  	0.07051  	0.03889  	0.00059  	-0.0250  	0.02446  	-0.0211  	-0.0697  	-0.0156  	-0.0265  	-0.0171  	0.03126  	-0.0127  	-0.0266  	0.10157  	-0.0064  	0.05234  	-0.0448  	0.04357  	0.00217  	-0.0275  	0.57398  	
-0.4423  	0.09282  	0.08890  	-1.0071  	-0.6098  	-1.0105  	0.14278  	-0.6505  	0.08613  	0.47919  	0.07034  	0.12157  	0.06183  	-0.3205  	-0.7606  	1.21379  	0.31313  	0.32346  	0.53544  	0.54786  	-0.7627  	-0.2832  	-0.3688  	0.12836  	0.32580  	0.08940  	-0.3495  	0.12006  	-0.0419  	0.09023  	0.07234  	0.20200  	-0.3032  	0.04092  	0.21089  	0.28475  	0.14951  	0.09005  	-0.3619  	0.37986  	0.59990  	0.02971  	-0.0525  	0.35360  	0.04571  	-0.0318  	0.00495  	0.02100  	-0.0104  	0.07093  	0.03891  	-0.0002  	-0.0295  	0.02971  	-0.0114  	-0.0688  	-0.0230  	-0.0309  	-0.0233  	0.03246  	-0.0041  	-0.0231  	0.09913  	-0.0017  	0.05349  	-0.0452  	0.04201  	0.00166  	-0.0289  	0.58805  	
-0.5733  	0.07246  	-0.0221  	-1.1354  	-0.7373  	-1.0369  	0.12611  	-0.6726  	0.07021  	0.38451  	0.07720  	0.10174  	0.03603  	-0.3195  	-0.6740  	1.08522  	0.36669  	0.30087  	0.52590  	0.54549  	-0.7456  	-0.3070  	-0.2895  	0.08211  	0.26911  	0.10731  	-0.4070  	0.14501  	-0.0426  	0.07017  	0.09967  	0.19716  	-0.3037  	0.05080  	0.18296  	0.24331  	0.14812  	0.09934  	-0.3776  	0.35213  	0.63345  	-0.0005  	-0.0449  	0.34326  	0.04084  	-0.0332  	0.00381  	0.00655  	-0.0275  	0.07860  	0.02960  	-0.0012  	-0.0302  	0.03283  	-0.0139  	-0.0704  	-0.0233  	-0.0258  	-0.0224  	0.02533  	-0.0004  	-0.0202  	0.09987  	0.00298  	0.05421  	-0.0443  	0.04098  	0.00099  	-0.0297  	0.59837  	
-0.6386  	0.06841  	-0.0229  	-1.1416  	-0.7431  	-1.1176  	0.09511  	-0.7132  	0.06722  	0.35682  	0.02677  	0.04584  	0.01811  	-0.3419  	-0.6206  	0.98337  	0.40064  	0.26889  	0.53651  	0.52098  	-0.6851  	-0.2920  	-0.2043  	0.11830  	0.23364  	0.13015  	-0.3825  	0.09821  	-0.1068  	0.06899  	0.10788  	0.18379  	-0.3066  	0.05019  	0.20764  	0.19013  	0.19064  	0.10075  	-0.4079  	0.31704  	0.64287  	0.01370  	-0.0633  	0.34405  	0.04081  	-0.0326  	0.00200  	-0.0070  	-0.0338  	0.07862  	0.02715  	-0.0010  	-0.0291  	0.02810  	-0.0179  	-0.0678  	-0.0193  	-0.0194  	-0.0149  	0.01971  	-0.0073  	-0.0124  	0.10212  	-0.0018  	0.05461  	-0.0418  	0.04078  	0.00048  	-0.0307  	0.60447  	
-0.5996  	0.09225  	0.00594  	-1.0981  	-0.6965  	-1.0630  	0.08753  	-0.6286  	0.07502  	0.35800  	-0.0017  	0.09702  	0.02389  	-0.2927  	-0.5724  	0.97796  	0.37193  	0.24851  	0.52149  	0.50626  	-0.6708  	-0.2639  	-0.1961  	0.10410  	0.21522  	0.13645  	-0.3478  	0.03369  	-0.1164  	0.06534  	0.09376  	0.17667  	-0.2847  	0.05023  	0.21548  	0.17214  	0.20632  	0.11212  	-0.4031  	0.32805  	0.62454  	0.02444  	-0.0589  	0.35617  	0.04039  	-0.0345  	0.00420  	-0.0013  	-0.0276  	0.07377  	0.01959  	-0.0036  	-0.0309  	0.02966  	-0.0162  	-0.0693  	-0.0196  	-0.0228  	-0.0208  	0.01843  	-0.0028  	-0.0116  	0.09724  	0.00095  	0.05446  	-0.0396  	0.04099  	0.00014  	-0.0319  	0.61394  	
-0.5346  	0.13110  	0.07653  	-1.0964  	-0.7191  	-1.0291  	0.10061  	-0.5920  	0.09873  	0.41429  	0.06277  	0.14438  	0.03852  	-0.1874  	-0.6740  	1.10302  	0.33138  	0.27888  	0.52630  	0.53501  	-0.6758  	-0.2894  	-0.2235  	0.07992  	0.16145  	0.11530  	-0.4199  	0.05297  	-0.0798  	0.04458  	0.10786  	0.17154  	-0.2571  	0.04341  	0.22375  	0.19445  	0.19484  	0.09579  	-0.3913  	0.34692  	0.64047  	0.00133  	-0.0494  	0.36032  	0.03644  	-0.0311  	0.00533  	0.01722  	-0.0173  	0.07206  	0.02711  	-0.0040  	-0.0288  	0.02611  	-0.0176  	-0.0673  	-0.0279  	-0.0297  	-0.0253  	0.02273  	-0.0028  	-0.0114  	0.09769  	0.00200  	0.05202  	-0.0374  	0.04168  	-0.0002  	-0.0318  	0.61181  	
-0.6484  	0.08985  	0.03106  	-1.2058  	-0.7985  	-1.1414  	0.11495  	-0.6031  	0.06380  	0.48589  	0.13495  	0.11884  	0.04538  	-0.2121  	-0.8272  	1.05559  	0.32299  	0.30360  	0.53128  	0.58644  	-0.7422  	-0.2903  	-0.2699  	0.10140  	0.19688  	0.12438  	-0.3912  	0.08462  	-0.0829  	0.03007  	0.11434  	0.17902  	-0.2686  	0.04212  	0.19881  	0.21883  	0.17390  	0.06889  	-0.3559  	0.34257  	0.64279  	0.01835  	-0.0509  	0.34403  	0.05412  	-0.0298  	0.00997  	0.02857  	-0.0122  	0.07803  	0.02960  	-0.0095  	-0.0288  	0.02871  	-0.0199  	-0.0712  	-0.0241  	-0.0273  	-0.0252  	0.02526  	-0.0006  	-0.0066  	0.10386  	0.00039  	0.04948  	-0.0371  	0.04219  	-0.0006  	-0.0311  	0.61113  	
-0.8024  	0.05114  	-0.0321  	-1.2503  	-0.8284  	-1.2789  	0.13757  	-0.6463  	0.05959  	0.46596  	0.19043  	0.12594  	0.01015  	-0.2053  	-0.7360  	0.94635  	0.33995  	0.29152  	0.53780  	0.57158  	-0.6746  	-0.2620  	-0.1896  	0.12187  	0.17818  	0.12642  	-0.4190  	0.01959  	-0.1326  	0.06141  	0.10494  	0.17055  	-0.3060  	0.04138  	0.19782  	0.19385  	0.16880  	0.08599  	-0.4112  	0.29163  	0.62990  	0.01245  	-0.0529  	0.34634  	0.05853  	-0.0412  	0.01866  	0.02538  	-0.0154  	0.08689  	0.03829  	-0.0034  	-0.0310  	0.03552  	-0.0076  	-0.0688  	-0.0161  	-0.0160  	-0.0214  	0.02522  	-1.2443  	-0.0091  	0.09220  	-0.0043  	0.04693  	-0.0381  	0.04213  	-0.0009  	-0.0310  	0.61064  	
-0.7513  	0.07220  	-0.0722  	-1.2278  	-0.7495  	-1.2728  	0.11708  	-0.6176  	0.07986  	0.46950  	0.09031  	0.10695  	0.09008  	-0.1053  	-0.6287  	0.91212  	0.34024  	0.28814  	0.51551  	0.51944  	-0.7043  	-0.2812  	-0.1658  	0.12631  	0.14350  	0.13043  	-0.4215  	0.03843  	-0.1015  	0.05572  	0.11240  	0.15010  	-0.2713  	0.05007  	0.20139  	0.15100  	0.13168  	0.07411  	-0.4108  	0.33202  	0.63487  	0.01172  	-0.0649  	0.34068  	0.04995  	-0.0270  	0.01007  	0.02679  	-0.0293  	0.07817  	0.02134  	-0.0008  	-0.0349  	0.02878  	-0.0216  	-0.0738  	-0.0250  	-0.0253  	-0.0185  	0.02190  	0.00649  	-0.0080  	0.08380  	-0.0104  	0.04546  	-0.0409  	0.04209  	-0.0008  	-0.0310  	0.60033  	
-0.5533  	0.17254  	0.06683  	-1.1075  	-0.6995  	-1.1285  	0.13229  	-0.5246  	0.11626  	0.39529  	-0.0352  	0.13214  	0.11624  	-0.0390  	-0.4938  	0.98817  	0.36377  	0.25019  	0.51363  	0.53512  	-0.6990  	-0.2304  	-0.1590  	0.11561  	0.15117  	0.13851  	-0.4384  	0.03404  	-0.0655  	0.02838  	0.11131  	0.13256  	-0.2465  	0.05945  	0.20404  	0.12212  	0.16237  	0.09384  	-0.3766  	0.35514  	0.64063  	-0.0191  	-0.0516  	0.36126  	0.02685  	-0.0319  	0.01516  	0.02254  	-0.0276  	0.07601  	0.01217  	-0.0010  	-0.0340  	0.02381  	-0.0237  	-0.0741  	-0.0323  	-0.0308  	-0.0175  	0.02721  	0.00716  	-0.0073  	0.08788  	-0.0047  	0.04352  	-0.0433  	0.04253  	-0.0007  	-0.0306  	0.59103  	
-0.1756  	0.23714  	0.25462  	-0.8085  	-0.6271  	-0.8473  	0.19065  	-0.3911  	0.18576  	0.31382  	-0.1800  	0.16572  	0.22235  	0.16168  	-0.2317  	1.04366  	0.33628  	0.22452  	0.51041  	0.48976  	-0.5635  	-0.2172  	-0.2187  	0.11916  	0.20126  	0.10615  	-0.3129  	-0.0740  	-0.1404  	0.04498  	0.10413  	0.19859  	-0.2170  	0.03023  	0.26744  	0.07618  	0.21654  	0.12633  	-0.3545  	0.34043  	0.59502  	0.00863  	-0.0284  	0.35302  	0.03205  	-0.0293  	-0.0028  	0.04282  	-0.0078  	0.09051  	0.02012  	0.00191  	-0.0280  	0.03012  	-0.0191  	-0.0551  	-0.0395  	-0.0328  	-0.0225  	0.02483  	0.00863  	0.00163  	0.09032  	-0.0059  	0.04252  	-0.0460  	0.04246  	-0.0007  	-0.0299  	0.58830  	
-0.0572  	0.24279  	0.29917  	-0.7744  	-0.5870  	-0.8783  	0.20087  	-0.4177  	0.17284  	0.36958  	-0.1346  	0.12300  	0.20487  	0.14007  	-0.3149  	1.09390  	0.30043  	0.21505  	0.52858  	0.51928  	-0.5529  	-0.2092  	-0.2765  	0.14766  	0.34334  	0.05634  	-0.2638  	-0.0605  	-0.1459  	0.08700  	0.07750  	0.18901  	-0.2497  	0.03595  	0.31709  	0.11809  	0.25400  	0.12314  	-0.3855  	0.34447  	0.57356  	0.01332  	-0.0418  	0.35191  	0.03669  	-0.0338  	-0.0036  	0.05710  	-0.0049  	0.08717  	0.02440  	-0.0013  	-0.0251  	0.03201  	-0.0212  	-0.0528  	-0.0329  	-0.0394  	-0.0194  	0.02904  	0.00143  	-0.0092  	0.09527  	-0.0108  	0.04274  	-0.0479  	0.04185  	-0.0004  	-0.0303  	0.58554  	
-0.1073  	0.22106  	0.26778  	-0.7438  	-0.5503  	-0.8645  	0.17024  	-0.4165  	0.19423  	0.34650  	-0.1199  	0.08775  	0.18713  	0.12273  	-0.2266  	1.11645  	0.33139  	0.13793  	0.51981  	0.49885  	-0.4923  	-0.1722  	-0.2812  	0.22485  	0.36737  	0.05552  	-0.2099  	-0.1500  	-0.1823  	0.11966  	0.02908  	0.21602  	-0.2822  	0.03847  	0.36501  	0.08333  	0.27648  	0.11910  	-0.3946  	0.34280  	0.54005  	0.03320  	-0.0633  	0.35218  	0.03419  	-0.0316  	-0.0081  	0.05269  	0.00362  	0.06541  	0.02966  	0.00164  	-0.0319  	0.02839  	-0.0245  	-0.0562  	-0.0366  	-0.0301  	-0.0165  	0.03436  	-0.0001  	-0.0219  	0.09387  	-0.0066  	0.04420  	-0.0492  	0.04136  	-0.0004  	-0.0305  	0.58269  	
-0.1347  	0.21641  	0.16933  	-0.6041  	-0.4609  	-0.7985  	0.15289  	-0.4849  	0.15649  	0.26080  	-0.2170  	0.18550  	0.19480  	0.09964  	-0.1747  	1.04764  	0.37006  	0.15993  	0.51007  	0.48715  	-0.5639  	-0.1987  	-0.2564  	0.20627  	0.26241  	0.08568  	-0.2380  	-0.0610  	-0.1501  	0.11980  	0.05852  	0.18330  	-0.2489  	0.05734  	0.31087  	0.06118  	0.21490  	0.10702  	-0.3847  	0.36393  	0.53873  	0.03004  	-0.0653  	0.34732  	0.03690  	-0.0302  	-0.0054  	0.03628  	-0.0036  	0.07240  	0.02506  	-0.0007  	-0.0323  	0.02327  	-0.0268  	-0.0558  	-0.0233  	-0.0299  	-0.0204  	0.02840  	0.00392  	-0.0133  	0.09814  	-0.0005  	0.04545  	-0.0484  	0.04133  	-0.0003  	-0.0304  	0.57451  	
-0.1027  	0.23100  	0.18633  	-0.6376  	-0.4907  	-0.7640  	0.20045  	-0.4151  	0.17163  	0.29085  	-0.3433  	0.13886  	0.33111  	0.33287  	-0.0642  	0.99144  	0.34490  	0.22244  	0.49577  	0.44354  	-0.6827  	-0.1715  	-0.2515  	0.15605  	0.26915  	0.09194  	-0.2825  	-0.0368  	-0.0589  	0.11839  	0.09769  	0.15222  	-0.2076  	0.05325  	0.31169  	0.05781  	0.14440  	0.08741  	-0.3598  	0.38083  	0.57071  	0.02250  	-0.0427  	0.36036  	0.02912  	-0.0349  	0.00084  	0.04203  	-0.0044  	0.08242  	0.02234  	-0.0035  	-0.0344  	0.02588  	-0.0240  	-0.0515  	-0.0368  	-0.0387  	-0.0277  	0.03520  	0.00842  	0.00187  	0.08372  	-0.0029  	0.04621  	-0.0467  	0.04221  	-0.0002  	-0.0294  	0.55328  	
-0.1740  	0.23946  	0.16391  	-0.7684  	-0.5226  	-0.9463  	0.20579  	-0.4702  	0.15045  	0.36020  	-0.2401  	0.03951  	0.27329  	0.30677  	-0.0834  	0.89215  	0.34748  	0.19338  	0.50180  	0.45373  	-0.6320  	-0.1770  	-0.2746  	0.16306  	0.32590  	0.07927  	-0.2373  	-0.1432  	-0.1396  	0.12894  	0.11302  	0.17085  	-0.2284  	0.06055  	0.35034  	0.05952  	0.21510  	0.08848  	-0.3848  	0.38056  	0.53950  	0.01442  	-0.0603  	0.34336  	0.03977  	-0.0340  	0.00275  	0.03678  	-0.0105  	0.07416  	0.02172  	-0.0050  	-0.0382  	0.01719  	-0.0260  	-0.0570  	-0.0375  	-0.0338  	-0.0256  	0.03203  	0.00287  	-0.0014  	0.08195  	-0.0049  	0.04542  	-0.0441  	0.04294  	0.00022  	-0.0292  	0.54531  	
-0.6385  	0.09473  	0.05032  	-1.2525  	-0.7537  	-1.0749  	0.13134  	-0.5756  	0.11613  	0.38739  	0.03614  	0.07631  	0.05416  	-0.2328  	-0.5965  	0.96992  	0.34504  	0.28612  	0.54864  	0.52084  	-0.6479  	-0.2898  	-0.2354  	0.09608  	0.18776  	0.13631  	-0.3670  	0.01971  	-0.0764  	0.03483  	0.12534  	0.14938  	-0.2428  	0.04463  	0.17433  	0.14577  	0.16856  	0.08677  	-0.3920  	0.36017  	0.62151  	0.00157  	-0.0519  	0.34876  	0.04321  	-0.0313  	0.00430  	0.01151  	-0.0332  	0.07793  	0.02241  	-0.0019  	-0.0369  	0.02532  	-0.0246  	-0.0663  	-0.0271  	-0.0324  	-0.0236  	0.02936  	0.00493  	-0.0119  	0.09103  	-0.0003  	0.04322  	-0.0420  	0.04425  	0.00085  	-0.0300  	0.55752  	
-0.6575  	0.09887  	0.01729  	-1.2757  	-0.7910  	-1.0765  	0.13235  	-0.6328  	0.11094  	0.39043  	0.06349  	0.04085  	0.02195  	-0.2914  	-0.7363  	1.01364  	0.35016  	0.30528  	0.52832  	0.52520  	-0.7196  	-0.2907  	-0.2206  	0.05985  	0.20861  	0.13458  	-0.4308  	0.09755  	-0.0441  	0.03372  	0.11614  	0.14648  	-0.2729  	0.04794  	0.12800  	0.20909  	0.15941  	0.09565  	-0.3664  	0.33717  	0.68164  	-0.0019  	-0.0324  	0.36484  	0.03674  	-0.0322  	0.01341  	0.00779  	-0.0253  	0.08102  	0.02552  	-0.0003  	-0.0264  	0.02744  	-0.0198  	-0.0730  	-0.0271  	-0.0203  	-0.0213  	0.02903  	0.00141  	-0.0102  	0.09496  	0.00215  	0.03832  	-0.0401  	0.04588  	0.00147  	-0.0290  	0.55857  	
-0.7109  	0.08437  	0.01261  	-1.2985  	-0.8167  	-1.1600  	0.14936  	-0.6736  	0.10751  	0.42909  	0.08742  	0.03620  	0.01367  	-0.3370  	-0.7738  	1.00142  	0.36369  	0.29591  	0.53915  	0.53088  	-0.7446  	-0.2930  	-0.2079  	0.05160  	0.21261  	0.13133  	-0.4225  	0.08776  	-0.0574  	0.03349  	0.12482  	0.14800  	-0.2757  	0.04993  	0.12234  	0.20198  	0.17883  	0.08794  	-0.3834  	0.32072  	0.69870  	-0.0005  	-0.0214  	0.36658  	0.04463  	-0.0322  	0.01326  	0.01582  	-0.0244  	0.09040  	0.02442  	-0.0038  	-0.0297  	0.02986  	-0.0206  	-0.0681  	-0.0319  	-0.0225  	-0.0206  	0.03109  	-0.0003  	-0.0043  	0.09766  	0.00245  	0.03421  	-0.0387  	0.04759  	0.00190  	-0.0271  	0.55825  	
-0.8515  	0.06954  	-0.0381  	-1.3880  	-0.8661  	-1.2439  	0.10568  	-0.6865  	0.08147  	0.48193  	0.11188  	0.00643  	-0.0235  	-0.3709  	-0.7912  	0.93770  	0.37160  	0.31177  	0.54799  	0.52132  	-0.7373  	-0.3164  	-0.1754  	0.00379  	0.19600  	0.14957  	-0.4474  	0.06395  	-0.0539  	0.03320  	0.13943  	0.14508  	-0.2853  	0.05249  	0.09368  	0.20021  	0.15449  	0.09571  	-0.3682  	0.31150  	0.69311  	-0.0013  	-0.0371  	0.36627  	0.04718  	-0.0296  	0.00954  	0.00957  	-0.0358  	0.08141  	0.01921  	0.00232  	-0.0317  	0.03490  	-0.0254  	-0.0732  	-0.0234  	-0.0238  	-0.0234  	0.02869  	0.00202  	-0.0090  	0.09794  	0.00119  	0.03128  	-0.0368  	0.04884  	0.00238  	-0.0255  	0.56395  	
-0.7709  	0.08270  	-0.0089  	-1.3654  	-0.8533  	-1.2773  	0.09931  	-0.6454  	0.07528  	0.40505  	0.14372  	0.02259  	-0.0342  	-0.3194  	-0.7449  	0.95473  	0.36731  	0.28359  	0.54449  	0.46172  	-0.6723  	-0.2771  	-0.1140  	0.08713  	0.16221  	0.15548  	-0.4189  	0.01940  	-0.1167  	0.04090  	0.13887  	0.15918  	-0.2824  	0.03758  	0.14306  	0.15177  	0.20371  	0.10287  	-0.4172  	0.30597  	0.68984  	0.00751  	-0.0513  	0.36896  	0.04509  	-0.0349  	0.01283  	0.00851  	-0.0330  	0.08643  	0.01871  	-0.0033  	-0.0355  	0.03451  	-0.0230  	-0.0734  	-0.0236  	-0.0237  	-0.0254  	0.02227  	-0.0012  	-0.0072  	0.09954  	0.00152  	0.03030  	-0.0358  	0.05041  	0.00306  	-0.0235  	0.55532  	
-0.5819  	0.09091  	0.05188  	-1.1778  	-0.7642  	-1.0845  	0.09114  	-0.5817  	0.10336  	0.42016  	0.08832  	0.13065  	0.04244  	-0.2935  	-0.7301  	1.05067  	0.34799  	0.30304  	0.53161  	0.54761  	-0.7092  	-0.3081  	-0.1902  	0.07169  	0.15128  	0.14038  	-0.4378  	0.07637  	-0.0846  	0.03083  	0.11885  	0.16001  	-0.2554  	0.04298  	0.20164  	0.18210  	0.19765  	0.08339  	-0.3974  	0.33021  	0.66795  	0.00325  	-0.0467  	0.36501  	0.05068  	-0.0280  	0.00718  	0.01145  	-0.0240  	0.07798  	0.01667  	-0.0066  	-0.0277  	0.02709  	-0.0166  	-0.0711  	-0.0239  	-0.0234  	-0.0239  	0.01963  	-0.0002  	-0.0068  	0.10118  	0.00346  	0.03000  	-0.0336  	0.05208  	0.00382  	-0.0214  	0.54920  	
-0.5062  	0.10784  	0.14362  	-1.1532  	-0.7415  	-1.0755  	0.08467  	-0.5645  	0.12261  	0.50579  	0.11326  	0.20584  	0.06139  	-0.2475  	-0.7879  	1.15045  	0.32853  	0.32660  	0.54784  	0.59483  	-0.7377  	-0.3328  	-0.2821  	0.06349  	0.17190  	0.12018  	-0.4664  	0.11597  	-0.0659  	0.02706  	0.11928  	0.18090  	-0.2551  	0.03929  	0.20556  	0.19854  	0.15950  	0.08738  	-0.3853  	0.34732  	0.65225  	-0.0003  	-0.0303  	0.34548  	0.03571  	-0.0316  	0.00903  	0.02859  	-0.0130  	0.07070  	0.03456  	-0.0084  	-0.0296  	0.02554  	-0.0150  	-0.0669  	-0.0232  	-0.0321  	-0.0206  	0.02528  	0.00378  	-0.0099  	0.09570  	0.00244  	0.03113  	-0.0318  	0.05308  	0.00427  	-0.0195  	0.54088  	
-0.5537  	0.09483  	0.07658  	-1.0745  	-0.7150  	-1.0775  	0.09560  	-0.6186  	0.09968  	0.45608  	0.09131  	0.16635  	0.03154  	-0.2192  	-0.6708  	1.08539  	0.34428  	0.28225  	0.53881  	0.55839  	-0.6945  	-0.2973  	-0.2713  	0.10198  	0.19117  	0.09985  	-0.4024  	0.06936  	-0.0861  	0.04683  	0.10711  	0.18501  	-0.2815  	0.03554  	0.23001  	0.19245  	0.18221  	0.09178  	-0.4064  	0.34358  	0.63350  	0.00712  	-0.0486  	0.33802  	0.04271  	-0.0301  	0.01363  	0.01508  	-0.0184  	0.08012  	0.03324  	-0.0064  	-0.0296  	0.03178  	-0.0166  	-0.0668  	-0.0183  	-0.0235  	-0.0222  	0.03159  	0.00328  	-0.0143  	0.10293  	0.00044  	0.03374  	-0.0296  	0.05406  	0.00437  	-0.0184  	0.52726  	
-0.5622  	0.09432  	0.03600  	-1.0786  	-0.7482  	-1.0426  	0.07915  	-0.6345  	0.08370  	0.36534  	0.12768  	0.10254  	-0.0203  	-0.2101  	-0.5881  	1.04392  	0.36882  	0.23796  	0.53055  	0.47478  	-0.6035  	-0.2662  	-0.2127  	0.17762  	0.17938  	0.10423  	-0.3524  	-0.0630  	-0.1742  	0.04726  	0.09546  	0.20621  	-0.2924  	0.03164  	0.28602  	0.17939  	0.25939  	0.11340  	-0.4489  	0.31798  	0.62536  	-0.0001  	-0.0677  	0.33945  	0.04567  	-0.0319  	0.01497  	-0.0003  	-0.0210  	0.07597  	0.02616  	-0.0007  	-0.0317  	0.03322  	-0.0169  	-0.0664  	-0.0238  	-0.0215  	-0.0205  	0.02384  	-0.0010  	-0.0108  	0.09394  	-0.0058  	0.03690  	-0.0278  	0.05527  	0.00386  	-0.0177  	0.52193  	
-0.4989  	0.09803  	0.10906  	-1.1310  	-0.7575  	-1.0288  	0.08983  	-0.5953  	0.09442  	0.41444  	0.13318  	0.13645  	0.02395  	-0.2423  	-0.7271  	1.15944  	0.34833  	0.29738  	0.55608  	0.54312  	-0.6580  	-0.3159  	-0.2496  	0.11648  	0.19685  	0.10617  	-0.4194  	0.04543  	-0.1547  	0.03788  	0.10314  	0.18718  	-0.2742  	0.03794  	0.25656  	0.19063  	0.22609  	0.10613  	-0.4282  	0.32556  	0.61813  	0.01563  	-0.0525  	0.33743  	0.04663  	-0.0266  	0.01224  	0.00907  	-0.0174  	0.07472  	0.02910  	-0.0013  	-0.0278  	0.02998  	-0.0164  	-0.0699  	-0.0215  	-0.0234  	-0.0171  	0.02692  	-0.0026  	-0.0191  	0.09742  	0.00264  	0.03890  	-0.0254  	0.05651  	0.00347  	-0.0167  	0.50213  	
-0.5952  	0.07880  	0.02937  	-1.1624  	-0.7718  	-1.0771  	0.09239  	-0.6112  	0.07927  	0.44869  	0.09994  	0.12213  	0.02812  	-0.2833  	-0.7471  	1.10097  	0.35168  	0.28874  	0.56078  	0.57112  	-0.7165  	-0.2886  	-0.2669  	0.11789  	0.26324  	0.11087  	-0.3884  	0.07592  	-0.0866  	0.03367  	0.09550  	0.18777  	-0.2964  	0.03240  	0.19243  	0.22629  	0.16916  	0.09375  	-0.3886  	0.35845  	0.63074  	0.01003  	-0.0433  	0.34981  	0.04266  	-0.0290  	0.01410  	0.01278  	-0.0221  	0.08013  	0.03239  	-0.0029  	-0.0289  	0.03348  	-0.0202  	-0.0725  	-0.0221  	-0.0245  	-0.0194  	0.03481  	-0.0003  	-0.0187  	0.09759  	0.00212  	0.04078  	-0.0249  	0.05726  	0.00309  	-0.0160  	0.48165  	
-0.8119  	0.07427  	-0.0558  	-1.2937  	-0.8194  	-1.2198  	0.10058  	-0.6683  	0.09905  	0.46372  	0.09226  	0.10648  	0.00362  	-0.3185  	-0.7472  	1.01588  	0.39063  	0.28204  	0.53885  	0.53353  	-0.7171  	-0.3161  	-0.1768  	0.11195  	0.20828  	0.13745  	-0.3815  	0.06073  	-0.1319  	0.03536  	0.10818  	0.16889  	-0.2824  	0.03669  	0.17721  	0.21655  	0.16231  	0.08953  	-0.4138  	0.31947  	0.64003  	0.01551  	-0.0621  	0.34509  	0.04659  	-0.0274  	0.01440  	-0.0034  	-0.0303  	0.10625  	0.02758  	-0.0028  	-0.0278  	0.04112  	-0.0156  	-0.0697  	-0.0228  	-0.0229  	-0.0112  	0.03358  	-0.0074  	0.01062  	0.09637  	-0.0013  	0.04097  	-0.0251  	0.05693  	0.00271  	-0.0166  	0.48305  	
-0.8006  	0.07727  	-0.0488  	-1.3953  	-0.8334  	-1.2411  	0.11193  	-0.6761  	0.06474  	0.48605  	0.09993  	0.02196  	0.00197  	-0.3217  	-0.7322  	0.94014  	0.35704  	0.30054  	0.53696  	0.52882  	-0.7122  	-0.3187  	-0.1690  	0.03219  	0.16914  	0.15381  	-0.4678  	0.07257  	-0.0706  	0.03706  	0.15191  	0.14785  	-0.2760  	0.05100  	0.11906  	0.19505  	0.13962  	0.08256  	-0.3889  	0.32384  	0.67289  	0.00024  	-0.0511  	0.35987  	0.04485  	-0.0346  	0.01145  	0.00949  	-0.0386  	0.08430  	0.02644  	0.00453  	-0.0301  	0.02825  	-0.0276  	-0.0698  	-0.0267  	-0.0254  	-0.0239  	0.02708  	0.00353  	-0.0097  	0.09713  	-0.0042  	0.04074  	-0.0273  	0.05705  	0.00210  	-0.0184  	0.49293  	
-0.7118  	0.07153  	-0.0145  	-1.2468  	-0.7519  	-1.1960  	0.12312  	-0.6154  	0.08963  	0.44477  	0.01803  	0.10350  	0.04222  	-0.2728  	-0.6397  	0.99625  	0.35993  	0.30138  	0.54741  	0.52788  	-0.7235  	-0.2803  	-0.1776  	0.05776  	0.17920  	0.14182  	-0.4126  	0.07287  	-0.0353  	0.06529  	0.12060  	0.15828  	-0.2815  	0.04593  	0.13332  	0.17714  	0.12467  	0.08848  	-0.3846  	0.36391  	0.66703  	0.01413  	-0.0609  	0.35441  	0.03608  	-0.0334  	0.01646  	0.02367  	-0.0230  	0.07066  	0.02091  	0.00129  	-0.0366  	0.02856  	-0.0230  	-0.0784  	-0.0257  	-0.0289  	-0.0246  	0.02389  	0.00091  	-0.0082  	0.09302  	-0.0001  	0.03876  	-0.0298  	0.05667  	0.00137  	-0.0187  	0.49629  	
-0.6515  	0.14123  	-0.0251  	-1.0573  	-0.6514  	-1.2013  	0.08213  	-0.5287  	0.07314  	0.40052  	-0.0800  	0.22077  	0.17627  	-0.2491  	-0.4520  	0.90222  	0.44722  	0.17304  	0.58732  	0.30886  	-0.7811  	-0.4812  	-0.4422  	0.03680  	0.11172  	0.24564  	-0.5260  	0.10534  	0.12285  	0.03386  	0.24417  	0.06609  	-0.3478  	-0.0979  	0.03109  	0.11749  	-0.0464  	0.06549  	-0.4431  	0.29660  	0.74283  	0.12850  	-0.1583  	0.44253  	-0.0300  	-0.0128  	-0.0189  	0.05300  	-0.0451  	0.06773  	0.02591  	0.00368  	-0.0337  	0.04186  	-0.0145  	-0.0815  	-0.0260  	-0.0402  	-0.0194  	0.03053  	0.00766  	-0.0098  	0.07692  	0.00576  	0.03825  	-0.0334  	0.05590  	0.00040  	-0.0189  	0.49854  	
-0.5502  	0.16201  	-0.0030  	-0.9761  	-0.5198  	-1.2346  	0.13086  	-0.4292  	0.08964  	0.38774  	-0.0225  	0.23021  	0.29187  	-0.0312  	-0.3416  	0.82824  	0.46791  	0.03195  	0.60587  	0.14828  	-0.6332  	-0.6954  	-0.7860  	0.08710  	0.07245  	0.31285  	-0.5032  	-0.0128  	0.13815  	0.01278  	0.33986  	0.01235  	-0.3711  	-0.2406  	0.12600  	0.07735  	-0.1208  	0.05762  	-0.5561  	0.22353  	0.74991  	0.25287  	-0.2382  	0.48126  	-0.0664  	0.00252  	-0.0387  	0.04693  	-0.0417  	0.07217  	0.04144  	-0.0031  	-0.0357  	0.05318  	-0.0018  	-0.0714  	-0.0194  	-0.0489  	-0.0265  	0.03928  	0.00820  	-0.0021  	0.06925  	0.00643  	0.03812  	-0.0370  	0.05493  	-0.0006  	-0.0197  	0.51238  	
-0.7857  	0.11760  	-0.0363  	-1.0946  	-0.6513  	-1.3336  	0.06519  	-0.4367  	0.06881  	0.39708  	0.10741  	0.21341  	0.19770  	-0.2004  	-0.4136  	0.76801  	0.53707  	-0.0190  	0.64615  	0.09752  	-0.5322  	-0.7383  	-0.8091  	0.07370  	0.03444  	0.33348  	-0.4650  	-0.0623  	0.11257  	0.01807  	0.36610  	0.04247  	-0.4470  	-0.2606  	0.06504  	0.08838  	-0.0771  	0.07498  	-0.5693  	0.18542  	0.76028  	0.27174  	-0.3257  	0.48040  	-0.0678  	0.00888  	-0.0386  	0.04442  	-0.0708  	0.06015  	0.03361  	0.01075  	-0.0314  	0.06702  	-0.0122  	-0.0772  	-0.0252  	-0.0501  	-0.0248  	0.04827  	0.00880  	-0.0156  	0.06219  	0.00043  	0.03837  	-0.0417  	0.05406  	-0.0015  	-0.0204  	0.52225  	
-0.8185  	0.11912  	0.00863  	-1.3168  	-0.7887  	-1.3412  	0.06473  	-0.4785  	0.04448  	0.45366  	0.13545  	0.06675  	0.15970  	-0.2948  	-0.5325  	0.72061  	0.52585  	-0.0312  	0.65601  	0.07182  	-0.5627  	-0.6663  	-0.6710  	0.07204  	0.11171  	0.32268  	-0.4125  	-0.1160  	0.07505  	0.00690  	0.34053  	0.04986  	-0.4444  	-0.2509  	0.01136  	0.10590  	-0.0173  	0.07926  	-0.5444  	0.18380  	0.77715  	0.24180  	-0.2876  	0.48044  	-0.0585  	0.00448  	-0.0327  	0.04548  	-0.0658  	0.06553  	0.02603  	0.00956  	-0.0295  	0.06655  	-0.0147  	-0.0858  	-0.0220  	-0.0451  	-0.0253  	0.04913  	0.00872  	-0.0181  	0.06068  	0.00188  	0.03861  	-0.0441  	0.05276  	-0.0020  	-0.0209  	0.52329  	
-0.6848  	0.11392  	0.02749  	-1.2530  	-0.8210  	-1.2374  	0.08562  	-0.5711  	0.09452  	0.43815  	0.08627  	0.06713  	0.07450  	-0.3748  	-0.7023  	0.90609  	0.46196  	0.13563  	0.62431  	0.29731  	-0.6375  	-0.5239  	-0.4347  	0.05398  	0.12523  	0.24134  	-0.4403  	0.00967  	0.02803  	0.02922  	0.23531  	0.10274  	-0.3862  	-0.1139  	0.02847  	0.16518  	0.03914  	0.08083  	-0.4858  	0.25547  	0.73294  	0.13267  	-0.1615  	0.44089  	-0.0213  	-0.0146  	-0.0128  	0.04622  	-0.0322  	0.06934  	0.02992  	0.00372  	-0.0301  	0.05077  	-0.0119  	-0.0760  	-0.0258  	-0.0351  	-0.0183  	0.03449  	0.00301  	-0.0146  	0.07974  	0.00494  	0.03877  	-0.0465  	0.05151  	-0.0026  	-0.0207  	0.51223  	
-0.6627  	0.10870  	0.01045  	-1.2248  	-0.7952  	-1.1962  	0.13027  	-0.6556  	0.10715  	0.41970  	0.05010  	0.06368  	0.01553  	-0.3506  	-0.6710  	0.96766  	0.39355  	0.29176  	0.54763  	0.51469  	-0.7016  	-0.2752  	-0.1801  	0.05411  	0.20602  	0.12283  	-0.4036  	0.05194  	-0.0579  	0.07005  	0.11454  	0.16996  	-0.2962  	0.04306  	0.11500  	0.17991  	0.15460  	0.10275  	-0.3842  	0.32448  	0.68000  	-0.0021  	-0.0476  	0.36243  	0.03330  	-0.0337  	0.01077  	0.02711  	-0.0170  	0.07667  	0.02200  	0.00547  	-0.0270  	0.03575  	-0.0227  	-0.0713  	-0.0272  	-0.0228  	-0.0207  	0.02367  	-0.0004  	-0.0115  	0.09867  	2.76896  	0.03869  	-0.0473  	0.05070  	-0.0030  	-0.0209  	0.50506  	
-0.7368  	0.07718  	-0.0343  	-1.1311  	-0.7398  	-1.1536  	0.14571  	-0.6856  	0.06717  	0.40471  	0.00951  	0.07270  	0.02616  	-0.3748  	-0.5973  	0.97043  	0.37702  	0.29194  	0.52765  	0.51705  	-0.7951  	-0.2804  	-0.2147  	0.03980  	0.25138  	0.12951  	-0.4161  	0.14444  	0.01547  	0.10273  	0.11489  	0.17530  	-0.2869  	0.06222  	0.10234  	0.19877  	0.09454  	0.09382  	-0.3590  	0.33620  	0.67210  	0.01039  	-0.0647  	0.36180  	0.03733  	-0.0312  	-0.0022  	0.02032  	-0.0216  	0.06679  	0.02077  	0.00115  	-0.0228  	0.02736  	-0.0185  	-0.0735  	-0.0202  	-0.0268  	-0.0222  	0.02088  	0.00233  	-0.0144  	0.10638  	0.00634  	0.03788  	-0.0481  	0.05009  	-0.0034  	-0.0214  	0.50633  	
-0.5945  	0.08965  	0.01587  	-0.9799  	-0.6759  	-1.1159  	0.14572  	-0.6270  	0.08321  	0.40013  	-0.0520  	0.08591  	0.07960  	-0.2799  	-0.5475  	1.04140  	0.35079  	0.24755  	0.50593  	0.57464  	-0.7665  	-0.2591  	-0.2233  	0.08445  	0.20123  	0.13024  	-0.4306  	0.09807  	-0.0199  	0.06025  	0.10302  	0.17759  	-0.2796  	0.06311  	0.15949  	0.18136  	0.10745  	0.09249  	-0.3823  	0.36835  	0.64385  	0.00012  	-0.0659  	0.36633  	0.03842  	-0.0327  	0.00679  	0.02987  	-0.0175  	0.08291  	0.02369  	-0.0027  	-0.0322  	0.02234  	-0.0205  	-0.0710  	-0.0235  	-0.0224  	-0.0226  	0.02049  	0.00353  	-0.0129  	0.09554  	0.00057  	0.03529  	-0.0476  	0.04966  	-0.0034  	-0.0210  	0.49684  	
-0.7039  	0.08560  	0.01302  	-1.1768  	-0.8041  	-1.1538  	0.12725  	-0.6445  	0.09682  	0.45410  	-0.0157  	0.11872  	0.08672  	-0.2899  	-0.6938  	0.99946  	0.36816  	0.32446  	0.51395  	0.55687  	-0.8630  	-0.2682  	-0.1749  	0.02649  	0.13527  	0.15538  	-0.5411  	0.17379  	0.04289  	0.01167  	0.14102  	0.15172  	-0.2757  	0.07489  	0.08149  	0.18208  	0.03722  	0.08712  	-0.3464  	0.34536  	0.71369  	-0.0275  	-0.0196  	0.38431  	0.03555  	-0.0338  	0.00936  	0.03116  	-0.0148  	0.07926  	0.01318  	-0.0007  	-0.0295  	0.02339  	-0.0151  	-0.0812  	-0.0341  	-0.0229  	-0.0240  	0.01539  	0.00947  	0.00171  	0.09215  	0.00360  	0.03266  	-0.0481  	0.04956  	-0.0033  	-0.0202  	0.48065  	
-0.7855  	0.05458  	-0.0554  	-1.2564  	-0.7816  	-1.2506  	0.13760  	-0.6918  	0.07335  	0.52663  	0.02585  	0.17045  	0.07928  	-0.3257  	-0.7889  	1.01441  	0.34657  	0.36341  	0.50505  	0.56322  	-0.9136  	-0.3005  	-0.1961  	-0.0005  	0.13011  	0.16292  	-0.6063  	0.25133  	0.05655  	0.02590  	0.16340  	0.13621  	-0.2872  	0.07746  	0.05877  	0.22220  	-0.0058  	0.05850  	-0.3244  	0.35503  	0.70074  	-0.0159  	-0.0101  	0.36874  	0.03632  	-0.0392  	0.00951  	0.02923  	-0.0184  	0.08093  	0.02545  	0.00415  	-0.0337  	0.02568  	-0.0115  	-0.0805  	-0.0239  	-0.0208  	-0.0181  	0.02112  	0.00558  	0.00806  	0.10158  	0.00727  	0.02909  	-0.0482  	0.04965  	-0.0036  	-0.0197  	0.47972  	
-0.8921  	0.03368  	-0.1348  	-1.3425  	-0.7703  	-1.3270  	0.15232  	-0.6810  	0.06168  	0.53729  	0.09707  	0.12960  	0.04610  	-0.3863  	-0.8509  	1.00894  	0.28477  	0.38036  	0.51627  	0.59857  	-0.8989  	-0.3066  	-0.2287  	-0.0092  	0.14467  	0.15365  	-0.5865  	0.27445  	0.05592  	0.03010  	0.15518  	0.13473  	-0.2735  	0.07433  	0.07816  	0.23277  	7.88181  	0.04266  	-0.3251  	0.34630  	0.69806  	-0.0070  	-0.0275  	0.37039  	0.04829  	-0.0394  	0.00470  	0.02716  	-0.0208  	0.07530  	0.02642  	0.00325  	-0.0346  	0.02266  	-0.0153  	-0.0720  	-0.0232  	-0.0245  	-0.0187  	0.02427  	0.00588  	0.00070  	0.09793  	0.00640  	0.02594  	-0.0495  	0.05033  	-0.0038  	-0.0194  	0.47618  	
-0.6848  	0.05991  	-0.0155  	-1.2155  	-0.8073  	-1.1844  	0.10268  	-0.6664  	0.08178  	0.40418  	0.09509  	0.07421  	-0.0081  	-0.3490  	-0.7542  	1.01816  	0.36120  	0.28499  	0.51398  	0.56340  	-0.7077  	-0.2952  	-0.1812  	0.11393  	0.15809  	0.13929  	-0.4423  	0.11056  	-0.0642  	0.04108  	0.12849  	0.16565  	-0.2850  	0.04915  	0.16126  	0.18246  	0.16081  	0.08203  	-0.4050  	0.33118  	0.65911  	0.00697  	-0.0612  	0.36946  	0.04811  	-0.0298  	0.01181  	0.00851  	-0.0214  	0.08864  	0.02292  	-0.0025  	-0.0301  	0.02885  	-0.0224  	-0.0736  	-0.0207  	-0.0198  	-0.0240  	0.01786  	-0.0024  	-0.0090  	0.09897  	-0.0023  	0.02321  	-0.0496  	0.05105  	-0.0038  	-0.0189  	0.47162  	
-0.5482  	0.08978  	0.04074  	-1.1311  	-0.7145  	-1.0921  	0.10629  	-0.6013  	0.09233  	0.40748  	0.02960  	0.13415  	0.05604  	-0.2882  	-0.7106  	1.06754  	0.34723  	0.29806  	0.52119  	0.55533  	-0.7280  	-0.3032  	-0.2231  	0.10548  	0.16705  	0.13479  	-0.4096  	0.09592  	-0.0670  	0.05038  	0.10355  	0.16403  	-0.2754  	0.04376  	0.20195  	0.19447  	0.16799  	0.07906  	-0.4060  	0.35289  	0.64035  	0.00390  	-0.0589  	0.36101  	0.04404  	-0.0309  	0.00983  	0.00842  	-0.0215  	0.07645  	0.01821  	-0.0040  	-0.0320  	0.02511  	-0.0170  	-0.0722  	-0.0214  	-0.0229  	-0.0272  	0.01195  	-0.0045  	-0.0084  	0.09893  	-0.0009  	0.02263  	-0.0509  	0.05152  	-0.0041  	-0.0186  	0.47260  	
-0.4720  	0.12029  	0.10839  	-1.0255  	-0.6469  	-1.0493  	0.14262  	-0.6089  	0.10750  	0.48391  	0.07280  	0.17996  	0.05437  	-0.2800  	-0.7346  	1.16685  	0.32567  	0.33797  	0.52455  	0.60716  	-0.7661  	-0.3118  	-0.3434  	0.06751  	0.23003  	0.11309  	-0.4261  	0.14089  	-0.0437  	0.04582  	0.09328  	0.17706  	-0.2790  	0.04478  	0.19594  	0.24124  	0.13664  	0.08799  	-0.3738  	0.36661  	0.63153  	0.00422  	-0.0473  	0.34517  	0.04649  	-0.0319  	0.01200  	0.02416  	-0.0147  	0.07777  	0.03273  	-0.0054  	-0.0301  	0.02372  	-0.0147  	-0.0702  	-0.0207  	-0.0282  	-0.0251  	0.02726  	-0.0036  	-0.0194  	0.09699  	0.00225  	0.02391  	-0.0514  	0.05182  	-0.0043  	-0.0197  	0.48435  	
-0.4743  	0.08582  	0.08089  	-1.0300  	-0.6248  	-1.0316  	0.12424  	-0.6342  	0.08147  	0.47967  	0.05421  	0.16353  	0.07019  	-0.3144  	-0.7593  	1.20176  	0.31589  	0.30919  	0.52929  	0.58084  	-0.7571  	-0.3191  	-0.4062  	0.10199  	0.29015  	0.09897  	-0.3728  	0.14515  	-0.0463  	0.07379  	0.08398  	0.19936  	-0.2990  	0.03598  	0.21086  	0.27047  	0.14098  	0.08650  	-0.3706  	0.37028  	0.60825  	0.02036  	-0.0617  	0.34197  	0.05026  	-0.0311  	0.00541  	0.01655  	-0.0129  	0.07686  	0.03575  	-0.0051  	-0.0302  	0.02866  	-0.0131  	-0.0680  	-0.0177  	-0.0303  	-0.0237  	0.03066  	-0.0053  	-0.0198  	0.09920  	0.00086  	0.02679  	-0.0515  	0.05207  	-0.0047  	-0.0208  	0.49492  	
-0.5001  	0.08537  	0.04497  	-1.0149  	-0.6752  	-1.0023  	0.11597  	-0.6204  	0.07703  	0.34387  	-0.0034  	0.10150  	0.02708  	-0.2765  	-0.5955  	1.11040  	0.38183  	0.26691  	0.52548  	0.54535  	-0.6846  	-0.3156  	-0.2998  	0.15396  	0.24713  	0.11083  	-0.3557  	0.06433  	-0.0987  	0.07730  	0.07899  	0.21146  	-0.2970  	0.03618  	0.26489  	0.21461  	0.19469  	0.09683  	-0.4210  	0.35596  	0.59795  	0.01297  	-0.0637  	0.34273  	0.04041  	-0.0285  	0.00349  	0.00974  	-0.0258  	0.08047  	0.02887  	-0.0031  	-0.0269  	0.02747  	-0.0145  	-0.0697  	-0.0188  	-0.0225  	-0.0223  	0.02557  	-0.0085  	-0.0238  	0.09732  	0.00277  	0.02998  	-0.0487  	0.05205  	-0.0046  	-0.0213  	0.48508  	
-0.3505  	0.20935  	0.17702  	-0.8800  	-0.6309  	-0.9367  	0.16814  	-0.5080  	0.15605  	0.38347  	-0.1779  	0.15652  	0.15215  	0.03187  	-0.3276  	1.02282  	0.38442  	0.25527  	0.53399  	0.52586  	-0.6335  	-0.2606  	-0.2499  	0.08801  	0.24321  	0.08645  	-0.2731  	-0.0090  	-0.1206  	0.07515  	0.09455  	0.17242  	-0.2252  	0.07055  	0.26021  	0.13306  	0.20668  	0.11116  	-0.4061  	0.35132  	0.59098  	0.01984  	-0.0524  	0.35886  	0.04187  	-0.0263  	0.00571  	0.02790  	-0.0173  	0.07520  	0.01356  	0.00126  	-0.0354  	0.03966  	-0.0206  	-0.0531  	-0.0368  	-0.0313  	-0.0220  	0.02670  	0.01140  	-0.0036  	0.09057  	-0.0041  	0.03343  	-0.0463  	0.05210  	-0.0045  	-0.0214  	0.46598  	
-0.4621  	0.20416  	0.14633  	-0.9977  	-0.6151  	-1.0528  	0.08223  	-0.4762  	0.12733  	0.31113  	-0.0906  	0.13593  	0.17250  	-0.1485  	-0.3766  	0.91365  	0.46533  	0.07217  	0.62646  	0.23129  	-0.5695  	-0.5013  	-0.4753  	0.11641  	0.16699  	0.20717  	-0.3284  	-0.1279  	-0.0472  	0.03158  	0.22022  	0.12635  	-0.3358  	-0.1261  	0.18326  	0.10357  	0.11553  	0.11847  	-0.5070  	0.27351  	0.70750  	0.12954  	-0.1685  	0.44509  	-0.0229  	-0.0116  	-0.0206  	0.04691  	-0.0362  	0.07364  	0.02497  	0.00373  	-0.0340  	0.05195  	-0.0160  	-0.0674  	-0.0355  	-0.0384  	-0.0134  	0.04064  	0.00194  	-0.0070  	0.07399  	-0.0037  	0.03585  	-0.0426  	0.05187  	-0.0042  	-0.0219  	0.46499  	
-0.6811  	0.10820  	0.05157  	-1.2213  	-0.7624  	-1.2498  	0.06999  	-0.5250  	0.04962  	0.37533  	0.09531  	0.06451  	0.11504  	-0.3894  	-0.4835  	0.83273  	0.53490  	0.02252  	0.68522  	0.08253  	-0.5336  	-0.6993  	-0.7083  	0.11533  	0.08707  	0.29302  	-0.3891  	-0.1322  	0.08889  	-0.0018  	0.31128  	0.09056  	-0.4379  	-0.2586  	0.03639  	0.11033  	-0.0093  	0.09624  	-0.5960  	0.19800  	0.78089  	0.24917  	-0.2812  	0.49299  	-0.0549  	0.01225  	-0.0365  	0.04592  	-0.0453  	0.04803  	0.03653  	0.01121  	-0.0282  	0.06193  	-0.0124  	-0.0813  	-0.0269  	-0.0422  	-0.0156  	0.04316  	0.00846  	-0.0224  	0.05954  	-0.0001  	0.03454  	-0.0396  	0.05206  	-0.0036  	-0.0219  	0.47298  	
-0.8588  	0.10309  	-0.0199  	-1.1874  	-0.7276  	-1.3598  	0.09975  	-0.5269  	0.04182  	0.45192  	0.13412  	0.13761  	0.15598  	-0.3833  	-0.5512  	0.79458  	0.50578  	-0.0020  	0.67108  	0.04844  	-0.6652  	-0.7261  	-0.7702  	0.05439  	0.07380  	0.32424  	-0.4681  	-0.0431  	0.16435  	0.01347  	0.36462  	0.03534  	-0.4558  	-0.2673  	-0.0134  	0.13687  	-0.1095  	0.06113  	-0.5578  	0.18378  	0.80044  	0.28056  	-0.3028  	0.50287  	-0.0716  	0.01042  	-0.0503  	0.06026  	-0.0462  	0.05315  	0.03846  	0.00713  	-0.0326  	0.06222  	-0.0131  	-0.0812  	-0.0289  	-0.0482  	-0.0166  	0.04433  	0.01490  	-0.0171  	0.06232  	-0.0026  	0.03212  	-0.0367  	0.05233  	-0.0030  	-0.0215  	0.48149  	
-0.7268  	0.13277  	-0.0229  	-1.0573  	-0.6065  	-1.3049  	0.06865  	-0.4804  	0.03871  	0.39440  	0.10135  	0.22156  	0.18407  	-0.2774  	-0.4915  	0.82388  	0.49690  	0.00736  	0.64200  	0.10502  	-0.6145  	-0.7101  	-0.7439  	0.09478  	0.08072  	0.29949  	-0.4293  	-0.0169  	0.12695  	0.03580  	0.33399  	0.04708  	-0.4270  	-0.2453  	0.05640  	0.11022  	-0.0812  	0.05722  	-0.5475  	0.21314  	0.73561  	0.26617  	-0.3070  	0.46665  	-0.0568  	0.00446  	-0.0354  	0.05101  	-0.0498  	0.06247  	0.04869  	0.00659  	-0.0338  	0.06133  	-0.0130  	-0.0820  	-0.0204  	-0.0513  	-0.0188  	0.04364  	0.00854  	-0.0070  	0.06502  	0.00103  	0.03012  	-0.0359  	0.05300  	-0.0024  	-0.0209  	0.48253  	
-0.4277  	0.19344  	0.13246  	-0.7943  	-0.4706  	-1.0561  	0.08701  	-0.4566  	0.13626  	0.30951  	-0.1410  	0.32633  	0.18625  	0.00468  	-0.1939  	0.95798  	0.44483  	0.11387  	0.55672  	0.31800  	-0.6059  	-0.5090  	-0.5276  	0.12869  	0.05546  	0.23705  	-0.4545  	0.02886  	-0.0181  	0.05014  	0.23462  	0.08926  	-0.3299  	-0.1043  	0.19352  	0.05266  	0.02764  	0.05996  	-0.4838  	0.27000  	0.67012  	0.13979  	-0.1842  	0.42023  	-0.0170  	-0.0062  	-0.0069  	0.05619  	-0.0395  	0.06202  	0.03102  	-0.0022  	-0.0306  	0.04466  	-0.0272  	-0.0695  	-0.0291  	-0.0439  	-0.0233  	0.03729  	0.00165  	-0.0107  	0.06948  	-0.0050  	0.02755  	-0.0355  	0.05343  	-0.0019  	-0.0204  	0.50322  	
-0.1594  	0.25780  	0.25134  	-0.7656  	-0.5345  	-0.8646  	0.15549  	-0.4264  	0.19618  	0.31231  	-0.3007  	0.18459  	0.27217  	0.20291  	-0.1469  	1.00493  	0.35639  	0.23867  	0.50287  	0.50637  	-0.6312  	-0.2227  	-0.2863  	0.12652  	0.20403  	0.09929  	-0.3500  	0.00209  	-0.1100  	0.06857  	0.10644  	0.17199  	-0.1998  	0.05827  	0.30849  	0.05903  	0.16042  	0.09330  	-0.3610  	0.36254  	0.58335  	0.00925  	-0.0350  	0.35778  	0.03125  	-0.0319  	0.00996  	0.04008  	-0.0107  	0.08253  	0.03125  	0.00016  	-0.0374  	0.02861  	-0.0237  	-0.0566  	-0.0330  	-0.0358  	-0.0265  	0.02922  	0.00606  	-0.0040  	0.08899  	-0.0036  	0.02613  	-0.0372  	0.05397  	-0.0017  	-0.0196  	0.50852  	
-0.1947  	0.23985  	0.20046  	-0.7726  	-0.5519  	-0.9226  	0.17609  	-0.4592  	0.17667  	0.34551  	-0.2728  	0.12306  	0.20650  	0.12884  	-0.2418  	0.98221  	0.35544  	0.27222  	0.48901  	0.53717  	-0.6626  	-0.2483  	-0.2975  	0.09779  	0.25124  	0.10279  	-0.3570  	0.04655  	-0.0406  	0.09522  	0.09909  	0.17229  	-0.2024  	0.06555  	0.26002  	0.08477  	0.14494  	0.09975  	-0.3468  	0.36943  	0.59237  	0.00490  	-0.0307  	0.36287  	0.02421  	-0.0318  	0.00886  	0.03645  	-0.0128  	0.06988  	0.02589  	-0.0045  	-0.0335  	0.03132  	-0.0218  	-0.0599  	-0.0318  	-0.0332  	-0.0243  	0.02893  	-0.0002  	-0.0044  	0.08811  	-0.0083  	0.02571  	-0.0390  	0.05419  	-0.0014  	-0.0193  	0.51956  	
-0.2584  	0.20693  	0.13682  	-0.7591  	-0.5104  	-0.9554  	0.16217  	-0.4732  	0.13597  	0.32359  	-0.1791  	0.14258  	0.18082  	0.02505  	-0.2459  	1.04698  	0.34715  	0.19093  	0.49820  	0.52298  	-0.6211  	-0.2360  	-0.2953  	0.16432  	0.31166  	0.09123  	-0.2788  	-0.0078  	-0.1013  	0.09546  	0.06714  	0.18718  	-0.2486  	0.05431  	0.31108  	0.08531  	0.18856  	0.09614  	-0.3674  	0.39013  	0.56132  	0.01621  	-0.0539  	0.35371  	0.03832  	-0.0320  	0.00150  	0.03995  	-0.0108  	0.07810  	0.02632  	-0.0021  	-0.0368  	0.02333  	-0.0286  	-0.0636  	-0.0204  	-0.0369  	-0.0168  	0.02841  	0.00172  	-0.0105  	0.10169  	-0.0077  	0.02670  	-0.0426  	0.05384  	-0.0016  	-0.0194  	0.53987  	
-0.3967  	0.14584  	0.06131  	-0.7143  	-0.4966  	-0.9360  	0.14821  	-0.5388  	0.12776  	0.30461  	-0.1956  	0.19303  	0.16379  	-0.0385  	-0.3278  	1.03124  	0.34052  	0.27505  	0.48648  	0.61001  	-0.7223  	-0.2598  	-0.3303  	0.09639  	0.23958  	0.11802  	-0.4312  	0.13553  	-0.0190  	0.09381  	0.07710  	0.15928  	-0.2330  	0.07538  	0.23996  	0.13534  	0.08005  	0.07932  	-0.3456  	0.36941  	0.59790  	0.00412  	-0.0419  	0.34984  	0.04660  	-0.0286  	0.01213  	0.02774  	-0.0171  	0.08073  	0.03148  	-0.0046  	-0.0330  	0.02171  	-0.0276  	-0.0639  	-0.0212  	-0.0316  	-0.0239  	0.02737  	0.00086  	-0.0153  	0.09274  	-0.0021  	0.02937  	-0.0451  	0.05306  	-0.0017  	-0.0202  	0.54750  	
-0.3818  	0.16501  	0.09246  	-0.7204  	-0.4541  	-0.8921  	0.14071  	-0.5183  	0.12531  	0.28357  	-0.1593  	0.17050  	0.14534  	0.00159  	-0.3072  	1.07003  	0.32991  	0.24845  	0.49441  	0.60637  	-0.7038  	-0.2535  	-0.3469  	0.13657  	0.30199  	0.09613  	-0.3351  	0.12230  	-0.0373  	0.11520  	0.06924  	0.16106  	-0.2391  	0.06680  	0.29666  	0.14904  	0.13165  	0.08304  	-0.3592  	0.35388  	0.53655  	0.01936  	-0.0557  	0.33771  	0.04221  	-0.0290  	0.00625  	0.02637  	-0.0144  	0.06938  	0.03520  	-0.0029  	-0.0316  	0.02833  	-0.0237  	-0.0574  	-0.0206  	-0.0306  	-0.0192  	0.03677  	-0.0024  	-0.0158  	0.09224  	0.00198  	0.03262  	-0.0476  	0.05217  	-0.0023  	-0.0206  	0.54912  	
-0.3715  	0.19066  	0.07440  	-0.5980  	-0.3854  	-0.8224  	0.13838  	-0.4988  	0.11331  	0.25127  	-0.2534  	0.21793  	0.15130  	0.03372  	-0.2040  	1.05881  	0.34031  	0.20758  	0.51296  	0.56087  	-0.7164  	-0.2148  	-0.3371  	0.16042  	0.31915  	0.09432  	-0.2771  	0.10296  	-0.0293  	0.14525  	0.05941  	0.15277  	-0.2532  	0.07243  	0.29270  	0.14651  	0.11315  	0.07756  	-0.3516  	0.35819  	0.52407  	0.03452  	-0.0771  	0.34138  	0.04928  	-0.0230  	-0.0050  	0.03008  	-0.0116  	0.06739  	0.02432  	-0.0029  	-0.0339  	0.02613  	-0.0292  	-0.0630  	-0.0180  	-0.0259  	-0.0154  	0.03012  	0.00082  	-0.0196  	0.08671  	-0.0027  	0.03524  	-0.0486  	0.05130  	-0.0027  	-0.0210  	0.53458  	
-0.2341  	0.21022  	0.05293  	-0.5210  	-0.3596  	-0.7849  	0.13726  	-0.5095  	0.12477  	0.26396  	-0.3701  	0.21466  	0.17056  	0.09883  	-0.0593  	0.99266  	0.36059  	0.20171  	0.52696  	0.52430  	-0.7051  	-0.1738  	-0.3139  	0.12589  	0.32957  	0.09175  	-0.2914  	0.10350  	-0.0302  	0.17316  	0.08610  	0.17242  	-0.2490  	0.06610  	0.27744  	0.09542  	0.11746  	0.08652  	-0.3465  	0.37399  	0.53239  	0.00864  	-0.0609  	0.35071  	0.03023  	-0.0290  	0.00845  	0.03669  	-0.0102  	0.07206  	0.02692  	-0.0022  	-0.0304  	0.02282  	-0.0324  	-0.0650  	-0.0234  	-0.0307  	-0.0232  	0.03589  	-0.0056  	-0.0196  	0.09549  	-0.0081  	0.03692  	-0.0500  	0.05041  	-0.0034  	-0.0215  	0.52407  	
-0.1398  	0.22502  	0.18152  	-0.6875  	-0.4972  	-0.8454  	0.17670  	-0.4573  	0.20623  	0.31829  	-0.2691  	0.18270  	0.25441  	0.15438  	-0.1640  	1.05844  	0.34778  	0.24636  	0.52624  	0.51168  	-0.6485  	-0.2056  	-0.3268  	0.07429  	0.28491  	0.06432  	-0.3366  	-0.0211  	-0.0509  	0.12198  	0.07210  	0.16871  	-0.2133  	0.06089  	0.29917  	0.08530  	0.15885  	0.10685  	-0.3666  	0.37130  	0.57774  	0.01504  	-0.0564  	0.34309  	0.03983  	-0.0375  	0.00963  	0.03595  	-0.0023  	0.08152  	0.03208  	-0.0064  	-0.0364  	0.02860  	-0.0180  	-0.0540  	-0.0296  	-0.0274  	-0.0244  	0.03222  	0.00075  	-0.0029  	0.09379  	0.00153  	0.03531  	-0.0501  	0.04924  	-0.0037  	-0.0215  	0.52604  	
-0.2470  	0.21432  	0.13663  	-0.8139  	-0.5535  	-0.9545  	0.18804  	-0.5031  	0.17498  	0.37968  	-0.1676  	0.15911  	0.21460  	0.12557  	-0.3092  	1.03267  	0.31639  	0.27671  	0.52711  	0.56301  	-0.6597  	-0.2254  	-0.3173  	0.08360  	0.26503  	0.08924  	-0.3701  	0.01003  	-0.0795  	0.08666  	0.10577  	0.15676  	-0.2133  	0.06582  	0.27457  	0.10224  	0.18822  	0.08912  	-0.3634  	0.36611  	0.60035  	0.01446  	-0.0406  	0.33683  	0.04269  	-0.0393  	0.00665  	0.03308  	-0.0213  	0.08200  	0.02692  	-0.0098  	-0.0338  	0.02742  	-0.0260  	-0.0581  	-0.0267  	-0.0289  	-0.0240  	0.03259  	-0.0044  	-0.0073  	0.08365  	-0.0001  	0.03124  	-0.0510  	0.04878  	-0.0038  	-0.0207  	0.51369  	
-0.6018  	0.13424  	0.01789  	-1.0703  	-0.6304  	-1.1316  	0.16997  	-0.5540  	0.14652  	0.36135  	0.02544  	0.15136  	0.07751  	-0.1238  	-0.4831  	0.98884  	0.31417  	0.28992  	0.52524  	0.55818  	-0.6179  	-0.2817  	-0.2680  	0.15310  	0.16390  	0.12651  	-0.3979  	0.05781  	-0.0840  	0.02688  	0.11661  	0.14784  	-0.2196  	0.06265  	0.22201  	0.12830  	0.17707  	0.08336  	-0.3826  	0.38537  	0.58789  	0.01809  	-0.0696  	0.33017  	0.04453  	-0.0331  	0.00487  	0.02151  	-0.0235  	0.07151  	0.02326  	-0.0023  	-0.0412  	0.03067  	-0.0243  	-0.0666  	-0.0294  	-0.0317  	-0.0129  	0.03187  	0.00159  	-0.0151  	0.09277  	-0.0035  	0.02768  	-0.0518  	0.04812  	-0.0041  	-0.0204  	0.51675  	
-0.7202  	0.09781  	0.03943  	-1.2545  	-0.7810  	-1.2104  	0.10875  	-0.5580  	0.07399  	0.41233  	0.10808  	0.06172  	0.07807  	-0.3535  	-0.6368  	0.85977  	0.44312  	0.15372  	0.61203  	0.30611  	-0.6166  	-0.5204  	-0.4770  	0.05121  	0.14657  	0.23111  	-0.4354  	-0.0182  	0.02926  	0.01345  	0.23728  	0.10032  	-0.3696  	-0.1094  	0.05699  	0.14979  	0.07144  	0.08729  	-0.4672  	0.25615  	0.73863  	0.13096  	-0.1744  	0.42336  	-0.0113  	-0.0055  	-0.0215  	0.03235  	-0.0478  	0.06983  	0.02578  	0.00615  	-0.0298  	0.04484  	-0.0214  	-0.0764  	-0.0273  	-0.0385  	-0.0210  	0.04057  	0.00606  	-0.0171  	0.07665  	-0.0005  	0.02458  	-0.0533  	0.04788  	-0.0041  	-0.0203  	0.51369  	
-0.7875  	0.10066  	0.03763  	-1.2582  	-0.8085  	-1.2849  	0.07577  	-0.5452  	0.07033  	0.40835  	0.12749  	0.07964  	0.10357  	-0.4360  	-0.6455  	0.82931  	0.51339  	0.02169  	0.66245  	0.10290  	-0.6031  	-0.7003  	-0.6585  	0.02786  	0.06132  	0.31740  	-0.4749  	-0.0542  	0.12266  	0.00048  	0.33843  	0.05923  	-0.4461  	-0.2342  	-0.0226  	0.13275  	-0.0321  	0.08484  	-0.5629  	0.18501  	0.81061  	0.24740  	-0.2525  	0.49596  	-0.0611  	0.00787  	-0.0353  	0.05315  	-0.0526  	0.05765  	0.02762  	0.00870  	-0.0298  	0.06359  	-0.0123  	-0.0753  	-0.0305  	-0.0476  	-0.0208  	0.04222  	0.01183  	-0.0174  	0.06371  	0.00251  	0.02184  	-0.0530  	0.04810  	-0.0041  	-0.0199  	0.50974  	
-0.8971  	0.10484  	0.02911  	-1.3653  	-0.8002  	-1.3955  	0.07639  	-0.5461  	0.03084  	0.47322  	0.17766  	0.09921  	0.13500  	-0.4266  	-0.6783  	0.80331  	0.50394  	-0.0095  	0.68134  	0.02826  	-0.6313  	-0.7419  	-0.6932  	0.04114  	0.00831  	0.34967  	-0.4772  	-0.0862  	0.13350  	-0.0147  	0.38070  	0.02960  	-0.4553  	-0.2715  	-0.0319  	0.11714  	-0.0674  	0.07080  	-0.5836  	0.16009  	0.84010  	0.27851  	-0.2857  	0.52009  	-0.0702  	0.00874  	-0.0414  	0.05621  	-0.0596  	0.06304  	0.02702  	0.00635  	-0.0297  	0.06023  	-0.0147  	-0.0795  	-0.0328  	-0.0503  	-0.0197  	0.04424  	0.01727  	-0.0117  	0.06065  	-0.0010  	0.02093  	-0.0535  	0.04836  	-0.0042  	-0.0195  	0.51124  	
-0.9292  	0.09528  	0.01728  	-1.3201  	-0.7439  	-1.4021  	0.08514  	-0.5466  	0.05187  	0.47165  	0.14601  	0.13915  	0.15274  	-0.3612  	-0.6556  	0.83620  	0.48157  	0.01557  	0.65783  	0.07860  	-0.6730  	-0.6720  	-0.6517  	0.06374  	-0.0083  	0.33564  	-0.4947  	-0.0673  	0.10955  	-0.0027  	0.36371  	0.03081  	-0.4208  	-0.2329  	-0.0188  	0.13469  	-0.0853  	0.06001  	-0.5434  	0.18223  	0.83125  	0.25508  	-0.2643  	0.48760  	-0.0616  	0.00395  	-0.0374  	0.05344  	-0.0579  	0.06199  	0.02775  	0.00609  	-0.0279  	0.05840  	-0.0154  	-0.0843  	-0.0311  	-0.0494  	-0.0171  	0.04544  	0.01397  	-0.0090  	0.06708  	-0.0005  	0.02196  	-0.0531  	0.04861  	-0.0042  	-0.0205  	0.52097  	
-0.7822  	0.11703  	-0.0326  	-1.2452  	-0.7011  	-1.3181  	0.08352  	-0.4903  	0.11350  	0.46386  	0.10224  	0.21113  	0.14176  	-0.2161  	-0.6206  	0.87158  	0.44388  	0.13334  	0.63178  	0.27321  	-0.6389  	-0.5062  	-0.4115  	0.10518  	0.03816  	0.24533  	-0.4880  	0.00604  	0.01613  	0.01571  	0.26121  	0.07219  	-0.3590  	-0.1080  	0.05414  	0.09549  	-0.0061  	0.07174  	-0.4431  	0.27759  	0.73999  	0.13659  	-0.1681  	0.41854  	-0.0287  	-0.0109  	-0.0200  	0.04401  	-0.0435  	0.07046  	0.03197  	0.00325  	-0.0352  	0.04903  	-0.0214  	-0.0838  	-0.0301  	-0.0455  	-0.0232  	0.04164  	0.00334  	-0.0057  	0.07739  	-0.0005  	0.02461  	-0.0523  	0.04902  	-0.0046  	-0.0215  	0.53221  	
-0.6296  	0.16010  	-0.0274  	-1.0686  	-0.6730  	-1.1572  	0.09327  	-0.4751  	0.15469  	0.42336  	0.02797  	0.25237  	0.09634  	-0.0484  	-0.5125  	0.94854  	0.36279  	0.29380  	0.55699  	0.57884  	-0.6510  	-0.2739  	-0.1938  	0.08262  	0.13301  	0.12664  	-0.5059  	0.16065  	-0.0330  	0.05684  	0.14908  	0.12484  	-0.2686  	0.06210  	0.13802  	0.11556  	0.06848  	0.06280  	-0.3375  	0.35791  	0.64745  	-0.0218  	-0.0388  	0.33078  	0.03568  	-0.0293  	0.00700  	0.02602  	-0.0163  	0.08046  	0.03508  	-0.0027  	-0.0382  	0.03021  	-0.0318  	-0.0813  	-0.0255  	-0.0335  	-0.0283  	0.03535  	-0.0032  	-0.0022  	0.09232  	-0.0012  	0.02772  	-0.0490  	0.04939  	-0.0047  	-0.0219  	0.52786  	
-0.5243  	0.16562  	0.06252  	-0.8559  	-0.5717  	-1.0761  	0.11807  	-0.4727  	0.16666  	0.33404  	-0.0652  	0.32123  	0.10331  	0.05665  	-0.3933  	1.00897  	0.36300  	0.31259  	0.54017  	0.62723  	-0.6576  	-0.3108  	-0.2539  	0.05837  	0.13642  	0.13505  	-0.5031  	0.20753  	-0.0214  	0.06477  	0.11544  	0.10818  	-0.2424  	0.05693  	0.19471  	0.10258  	0.08058  	0.07069  	-0.3388  	0.33025  	0.63782  	-0.0058  	-0.0422  	0.33659  	0.04832  	-0.0211  	0.01325  	0.03688  	-0.0209  	0.07531  	0.03007  	-0.0047  	-0.0393  	0.02980  	-0.0297  	-0.0559  	-0.0272  	-0.0403  	-0.0234  	0.03226  	-0.0024  	-0.0060  	0.08389  	-0.0057  	0.03090  	-0.0462  	0.05013  	-0.0048  	-0.0219  	0.51232  	
-0.4599  	0.20165  	0.10828  	-0.7704  	-0.5190  	-0.9859  	0.13631  	-0.5096  	0.14040  	0.31552  	-0.2141  	0.31567  	0.13095  	0.07006  	-0.2593  	0.98706  	0.35381  	0.30912  	0.51640  	0.57187  	-0.6939  	-0.2491  	-0.2568  	0.06163  	0.13536  	0.14036  	-0.5256  	0.16663  	-0.0140  	0.07800  	0.08693  	0.11746  	-0.2362  	0.06253  	0.18380  	0.10481  	0.06160  	0.08648  	-0.3070  	0.35274  	0.65069  	-0.0145  	-0.0467  	0.34609  	0.03088  	-0.0261  	0.01313  	0.04435  	-0.0136  	0.06159  	0.02400  	-0.0043  	-0.0348  	0.02565  	-0.0281  	-0.0677  	-0.0283  	-0.0346  	-0.0238  	0.03112  	0.00067  	-0.0107  	0.08693  	-0.0038  	0.03288  	-0.0428  	0.05051  	-0.0046  	-0.0223  	0.51074  	
-0.3168  	0.23324  	0.13855  	-0.7156  	-0.5120  	-0.8852  	0.12918  	-0.4922  	0.17277  	0.25929  	-0.2571  	0.27876  	0.17462  	0.09799  	-0.1583  	0.97930  	0.37271  	0.24988  	0.51221  	0.54265  	-0.6636  	-0.2519  	-0.2553  	0.11182  	0.16287  	0.12361  	-0.4081  	0.05932  	-0.1032  	0.07928  	0.11308  	0.16271  	-0.2128  	0.05238  	0.22904  	0.05190  	0.12552  	0.10172  	-0.3381  	0.34866  	0.62001  	-0.0146  	-0.0395  	0.34681  	0.03500  	-0.0346  	0.00892  	0.04110  	-0.0058  	0.06832  	0.02044  	-0.0007  	-0.0353  	0.02340  	-0.0319  	-0.0639  	-0.0264  	-0.0357  	-0.0206  	0.02438  	0.00282  	-0.0046  	0.08823  	0.00020  	0.03251  	-0.0413  	0.05088  	-0.0042  	-0.0222  	0.51349  	
-0.0923  	0.26338  	0.29281  	-0.7368  	-0.5655  	-0.8249  	0.15930  	-0.3946  	0.20596  	0.28205  	-0.1532  	0.18012  	0.20566  	0.19640  	-0.0808  	1.06244  	0.35468  	0.20055  	0.51049  	0.49814  	-0.4733  	-0.2210  	-0.2547  	0.14427  	0.17636  	0.09743  	-0.3072  	-0.1348  	-0.1897  	0.06543  	0.09916  	0.19173  	-0.2114  	0.04925  	0.33147  	0.03953  	0.26245  	0.13784  	-0.4027  	0.31595  	0.58508  	0.00908  	-0.0576  	0.33531  	0.03413  	-0.0269  	0.00851  	0.03701  	-0.0130  	0.07797  	0.01530  	0.00200  	-0.0294  	0.02764  	-0.0269  	-0.0528  	-0.0346  	-0.0290  	-0.0260  	0.02894  	0.00684  	0.00129  	0.09194  	-0.0034  	0.03104  	-0.0401  	0.05123  	-0.0035  	-0.0219  	0.51807  	
-0.0288  	0.28858  	0.34247  	-0.7739  	-0.6196  	-0.7899  	0.17136  	-0.3458  	0.21063  	0.26837  	-0.0694  	0.14378  	0.17138  	0.19715  	-0.1075  	1.10866  	0.34188  	0.15009  	0.52521  	0.44347  	-0.3974  	-0.2023  	-0.1893  	0.19161  	0.19121  	0.08632  	-0.2415  	-0.2436  	-0.2742  	0.03702  	0.08663  	0.21271  	-0.2227  	0.04157  	0.36530  	0.02158  	0.34834  	0.16669  	-0.4348  	0.29060  	0.56107  	0.00515  	-0.0449  	0.35319  	0.03434  	-0.0285  	0.00301  	0.04478  	-0.0093  	0.08000  	0.00675  	0.00024  	-0.0263  	0.03186  	-0.0226  	-0.0513  	-0.0361  	-0.0321  	-0.0303  	0.03300  	0.00672  	-0.0017  	0.09218  	-0.0022  	0.02847  	-0.0392  	0.05158  	-0.0028  	-0.0214  	0.52449  	
-0.0350  	0.29779  	0.37028  	-0.8060  	-0.7026  	-0.7562  	0.16155  	-0.2993  	0.23497  	0.21322  	0.04313  	0.16083  	0.16378  	0.20141  	-0.1435  	1.15576  	0.36766  	0.14039  	0.53135  	0.40849  	-0.2828  	-0.2183  	-0.1496  	0.25047  	0.16294  	0.07759  	-0.1949  	-0.3188  	-0.3858  	0.02762  	0.09160  	0.23437  	-0.2135  	0.04284  	0.40111  	-0.0269  	0.41322  	0.18850  	-0.4627  	0.26796  	0.54705  	0.00646  	-0.0517  	0.34114  	0.03201  	-0.0274  	0.00080  	0.04082  	-0.0115  	0.08001  	0.00373  	0.00101  	-0.0257  	0.03739  	-0.0269  	-0.0527  	-0.0421  	-0.0300  	-0.0334  	0.03403  	0.00786  	-0.0028  	0.09540  	-0.0023  	0.02479  	-0.0387  	0.05192  	-0.0018  	-0.0206  	0.53274  	
-0.0363  	0.29280  	0.38791  	-0.8014  	-0.6969  	-0.7305  	0.17607  	-0.3036  	0.23211  	0.21418  	0.02665  	0.15819  	0.17981  	0.22771  	-0.1467  	1.15380  	0.37606  	0.13103  	0.52844  	0.38960  	-0.2919  	-0.2232  	-0.1516  	0.26088  	0.16637  	0.07148  	-0.1767  	-0.3153  	-0.3824  	0.02857  	0.08771  	0.23375  	-0.2216  	0.04405  	0.40883  	-0.0249  	0.41413  	0.18185  	-0.4701  	0.27095  	0.55038  	0.01165  	-0.0627  	0.33968  	0.03202  	-0.0263  	0.00036  	0.04167  	-0.0111  	0.08303  	0.00695  	0.00294  	-0.0258  	0.03858  	-0.0275  	-0.0532  	-0.0446  	-0.0293  	-0.0320  	0.03388  	0.00999  	-0.0021  	0.09889  	-0.0036  	0.02002  	-0.0385  	0.05226  	-0.0007  	-0.0197  	0.54282  	
-0.0438  	0.29520  	0.34909  	-0.8390  	-0.7040  	-0.7829  	0.16045  	-0.3089  	0.26014  	0.20472  	0.07176  	0.18292  	0.16335  	0.18558  	-0.1682  	1.14910  	0.37772  	0.14005  	0.50850  	0.40504  	-0.3161  	-0.2323  	-0.1220  	0.24070  	0.11059  	0.09315  	-0.2222  	-0.2802  	-0.4062  	0.02454  	0.10050  	0.22190  	-0.2033  	0.04109  	0.41133  	-0.0452  	0.41994  	0.19369  	-0.4756  	0.25871  	0.55465  	0.00791  	-0.0535  	0.33857  	0.02901  	-0.0279  	0.00423  	0.02728  	-0.0150  	0.08140  	0.00578  	0.00441  	-0.0267  	0.03726  	-0.0254  	-0.0532  	-0.0420  	-0.0293  	-0.0294  	0.03349  	0.00773  	0.00097  	0.09175  	-0.0015  	0.01414  	-0.0387  	0.05259  	0.00055  	-0.0185  	0.55474  	
