6.485156250000000000e+01
1.252500000000000000e+02
6.485156250000000000e+01
1.462500000000000000e+02
6.592968750000000000e+01
1.657500000000000000e+02
7.024218750000000000e+01
1.852500000000000000e+02
7.994531250000000000e+01
2.032500000000000000e+02
9.072656250000000000e+01
2.152500000000000000e+02
1.036640625000000000e+02
2.242500000000000000e+02
1.176796875000000000e+02
2.272500000000000000e+02
1.327734375000000000e+02
2.272500000000000000e+02
1.489453125000000000e+02
2.272500000000000000e+02
1.629609375000000000e+02
2.212500000000000000e+02
1.748203125000000000e+02
2.092500000000000000e+02
1.856015625000000000e+02
1.957500000000000000e+02
1.931484375000000000e+02
1.777500000000000000e+02
1.942265625000000000e+02
1.567500000000000000e+02
1.942265625000000000e+02
1.372500000000000000e+02
1.942265625000000000e+02
1.147500000000000000e+02
7.455468750000000000e+01
1.117500000000000000e+02
8.317968750000000000e+01
1.042500000000000000e+02
9.288281250000000000e+01
1.035000000000000000e+02
1.036640625000000000e+02
1.042500000000000000e+02
1.133671875000000000e+02
1.065000000000000000e+02
1.397812500000000000e+02
1.035000000000000000e+02
1.500234375000000000e+02
1.012500000000000000e+02
1.608046875000000000e+02
1.005000000000000000e+02
1.705078125000000000e+02
9.975000000000000000e+01
1.802109375000000000e+02
1.042500000000000000e+02
1.273828125000000000e+02
1.207500000000000000e+02
1.284609375000000000e+02
1.327500000000000000e+02
1.284609375000000000e+02
1.447500000000000000e+02
1.295390625000000000e+02
1.567500000000000000e+02
1.155234375000000000e+02
1.672500000000000000e+02
1.230703125000000000e+02
1.687500000000000000e+02
1.295390625000000000e+02
1.702500000000000000e+02
1.370859375000000000e+02
1.672500000000000000e+02
1.435546875000000000e+02
1.657500000000000000e+02
8.425781250000000000e+01
1.237500000000000000e+02
8.964843750000000000e+01
1.177500000000000000e+02
1.047421875000000000e+02
1.192500000000000000e+02
1.101328125000000000e+02
1.252500000000000000e+02
1.036640625000000000e+02
1.267500000000000000e+02
9.072656250000000000e+01
1.267500000000000000e+02
1.446328125000000000e+02
1.222500000000000000e+02
1.500234375000000000e+02
1.147500000000000000e+02
1.651171875000000000e+02
1.132500000000000000e+02
1.705078125000000000e+02
1.192500000000000000e+02
1.651171875000000000e+02
1.222500000000000000e+02
1.511015625000000000e+02
1.237500000000000000e+02
1.036640625000000000e+02
1.867500000000000000e+02
1.144453125000000000e+02
1.837500000000000000e+02
1.263046875000000000e+02
1.807500000000000000e+02
1.306171875000000000e+02
1.807500000000000000e+02
1.349296875000000000e+02
1.792500000000000000e+02
1.467890625000000000e+02
1.807500000000000000e+02
1.586484375000000000e+02
1.807500000000000000e+02
1.500234375000000000e+02
1.897500000000000000e+02
1.413984375000000000e+02
1.957500000000000000e+02
1.316953125000000000e+02
1.987500000000000000e+02
1.219921875000000000e+02
1.972500000000000000e+02
1.122890625000000000e+02
1.927500000000000000e+02
1.058203125000000000e+02
1.867500000000000000e+02
1.176796875000000000e+02
1.882500000000000000e+02
1.306171875000000000e+02
1.867500000000000000e+02
1.435546875000000000e+02
1.867500000000000000e+02
1.575703125000000000e+02
1.807500000000000000e+02
1.435546875000000000e+02
1.867500000000000000e+02
1.306171875000000000e+02
1.882500000000000000e+02
1.176796875000000000e+02
1.882500000000000000e+02
